name	n	mean_probe	sd_probe	median_probe	min_probe	max_probe	NORM_FACT	NF_sd
ATM_exon1	20	1.1667	0.0679	1.1459	1.0893	1.3477	1.1459	0.0679
ATM_exon10	20	1.1011	0.0653	1.0795	1.0215	1.2674	1.0795	0.0653
ATM_exon11	20	1.0128	0.0617	0.9972	0.9348	1.1798	0.9972	0.0617
ATM_exon12	20	0.7894	0.0632	0.7806	0.7105	0.948	0.7806	0.0632
ATM_exon13	20	0.9946	0.0559	0.9797	0.8869	1.1514	0.9797	0.0559
ATM_exon14	20	1.1187	0.0692	1.1185	1.034	1.2722	1.1185	0.0692
ATM_exon15	20	1.2306	0.0683	1.239	1.1201	1.3914	1.239	0.0683
ATM_exon16	20	1.0363	0.0597	1.0334	0.9265	1.1619	1.0334	0.0597
ATM_exon17	20	0.9551	0.0671	0.937	0.8896	1.1187	0.937	0.0671
ATM_exon18	20	1.1443	0.0824	1.1146	1.0477	1.367	1.1146	0.0824
ATM_exon19	20	1.0365	0.0704	1.0245	0.9231	1.1792	1.0245	0.0704
ATM_exon2	20	0.882	0.0548	0.8674	0.8091	1.0666	0.8674	0.0548
ATM_exon20	20	1.2239	0.0638	1.2113	1.1382	1.3713	1.2113	0.0638
ATM_exon21	20	1.2411	0.0724	1.2342	1.0825	1.426	1.2342	0.0724
ATM_exon22	20	0.7979	0.0575	0.7946	0.7029	0.9268	0.7946	0.0575
ATM_exon23	20	0.8499	0.0801	0.8375	0.7305	1.0414	0.8375	0.0801
ATM_exon24	20	0.9644	0.0531	0.9555	0.889	1.0962	0.9555	0.0531
ATM_exon25	20	0.9808	0.0489	0.976	0.9144	1.0954	0.976	0.0489
ATM_exon26	20	0.7507	0.0523	0.749	0.685	0.9007	0.749	0.0523
ATM_exon27	20	0.9661	0.0607	0.9617	0.8909	1.1506	0.9617	0.0607
ATM_exon28	20	1.0548	0.0572	1.0544	0.9648	1.1979	1.0544	0.0572
ATM_exon29	20	0.8673	0.062	0.8615	0.7567	1.0037	0.8615	0.062
ATM_exon3	20	1.2772	0.074	1.275	1.1431	1.5004	1.275	0.074
ATM_exon30	20	1.0045	0.0531	0.9932	0.929	1.1416	0.9932	0.0531
ATM_exon31	20	0.9689	0.0479	0.9702	0.8777	1.0955	0.9702	0.0479
ATM_exon32	20	1.1709	0.053900000000000003	1.1641	1.0748	1.3132	1.1641	0.053900000000000003
ATM_exon33	20	1.0478	0.0481	1.0434	0.9765	1.1764	1.0434	0.0481
ATM_exon34	20	1.1418	0.0578	1.1388	1.0183	1.3048	1.1388	0.0578
ATM_exon35	20	0.928	0.0524	0.918	0.8729	1.0884	0.918	0.0524
ATM_exon36	20	1.2331	0.068	1.2264	1.1269	1.4164	1.2264	0.068
ATM_exon37	20	0.8146	0.037	0.8009	0.783	0.9398	0.8009	0.037
ATM_exon38	20	0.9871	0.0545	0.9735	0.925	1.093	0.9735	0.0545
ATM_exon39	20	1.2569	0.0602	1.2392	1.1722	1.4613	1.2392	0.0602
ATM_exon4	20	0.853	0.0593	0.8405	0.7765	0.9945	0.8405	0.0593
ATM_exon40	20	0.8067	0.0582	0.79990000000000006	0.7323	0.9389	0.79990000000000006	0.0582
ATM_exon41	20	0.8007	0.0508	0.789	0.7405	0.9487	0.789	0.0508
ATM_exon42	20	0.8076	0.0509	0.8003	0.737	0.9516	0.8003	0.0509
ATM_exon43	20	0.8081	0.0451	0.7966	0.7597	0.9393	0.7966	0.0451
ATM_exon44	20	0.9575	0.061	0.9522	0.8847	1.1516	0.9522	0.061
ATM_exon45	20	1.0574	0.0466	1.0558	0.9877	1.1849	1.0558	0.0466
ATM_exon46	20	1.0729	0.0681	1.061	0.9885	1.2973	1.061	0.0681
ATM_exon47	20	0.961	0.0471	0.9489	0.8984	1.0825	0.9489	0.0471
ATM_exon48	20	0.8752	0.0422	0.8674	0.8006	0.9722	0.8674	0.0422
ATM_exon49	20	1.0326	0.0576	1.0377	0.9234	1.2027	1.0377	0.0576
ATM_exon5	20	1.0093	0.0672	0.9896	0.9415	1.2017	0.9896	0.0672
ATM_exon50	20	1.0393	0.0555	1.0286	0.9527	1.2049	1.0286	0.0555
ATM_exon51	20	1.1567	0.0506	1.1499	1.0474	1.2919	1.1499	0.0506
ATM_exon52	20	1.0909	0.0749	1.0649	0.9928	1.2971	1.0649	0.0749
ATM_exon53	20	1.127	0.0592	1.1247	1.0346	1.2974	1.1247	0.0592
ATM_exon54	20	1.0749	0.0586	1.0725	0.996	1.1914	1.0725	0.0586
ATM_exon55	20	0.9768	0.0552	0.9547	0.92	1.1426	0.9547	0.0552
ATM_exon56	20	1.1495	0.0486	1.1415	1.082	1.3048	1.1415	0.0486
ATM_exon57	20	1.527	0.0899	1.5332	1.3937	1.8211	1.5332	0.0899
ATM_exon58	20	1.2885	0.0804	1.2723	1.1901	1.5635	1.2723	0.0804
ATM_exon59	20	1.1365	0.0747	1.1255	1.0167	1.3858	1.1255	0.0747
ATM_exon6	20	1.1076	0.075	1.0898	1.0328	1.3476	1.0898	0.075
ATM_exon60	20	1.269	0.0738	1.2619	1.1695	1.5087	1.2619	0.0738
ATM_exon7	20	0.9972	0.0649	0.9866	0.9285	1.1932	0.9866	0.0649
ATM_exon8	20	1.2584	0.0632	1.2494	1.1869	1.4739	1.2494	0.0632
ATM_exon9	20	1.0967	0.0647	1.0851	1.0266	1.3174	1.0851	0.0647
ATR_exon1	20	1.1731	0.0551	1.1631	1.089	1.3616	1.1631	0.0551
ATR_exon10	20	0.9284	0.0348	0.9234	0.8864	1.0359	0.9234	0.0348
ATR_exon11	20	1.0689	0.0535	1.0645	1.002	1.2377	1.0645	0.0535
ATR_exon12	20	1.1648	0.0646	1.1451	1.0497	1.3373	1.1451	0.0646
ATR_exon13	20	0.8489	0.0439	0.8416	0.7787	0.9474	0.8416	0.0439
ATR_exon14	20	0.7676	0.0286	0.766	0.7214	0.8416	0.766	0.0286
ATR_exon15	20	0.7349	0.0969	0.7157	0.5989	0.9891	0.7157	0.0969
ATR_exon16	20	0.8923	0.0401	0.8902	0.8295	1.0179	0.8902	0.0401
ATR_exon17	20	0.7832	0.0441	0.7715	0.7349	0.9283	0.7715	0.0441
ATR_exon18	20	0.9878	0.0495	0.9896	0.8416	1.0855	0.9896	0.0495
ATR_exon19	20	0.821	0.0485	0.8204	0.7497	0.9646	0.8204	0.0485
ATR_exon2	20	1.067	0.0547	1.0631	0.9777	1.2221	1.0631	0.0547
ATR_exon20	20	0.8123	0.0498	0.8038	0.7331	0.9336	0.8038	0.0498
ATR_exon21	20	0.9058	0.0386	0.9001	0.8577	1.0194	0.9001	0.0386
ATR_exon22	20	0.9974	0.0626	0.991	0.8869	1.2057	0.991	0.0626
ATR_exon23	20	1.1763	0.0794	1.1947	1.0173	1.3049	1.1947	0.0794
ATR_exon24	20	0.9295	0.0563	0.9265	0.8583	1.1222	0.9265	0.0563
ATR_exon25	20	1.0714	0.0612	1.0595	0.9683	1.2819	1.0595	0.0612
ATR_exon26	20	0.6773	0.0356	0.6771	0.6194	0.7662	0.6771	0.0356
ATR_exon27	20	1.0013	0.0503	0.9959	0.9373	1.1739	0.9959	0.0503
ATR_exon28	20	0.7182	0.0449	0.7094	0.6526	0.8689	0.7094	0.0449
ATR_exon29	20	0.8675	0.0713	0.8499	0.7675	1.0215	0.8499	0.0713
ATR_exon3	20	1.171	0.0593	1.157	1.1014	1.3978	1.157	0.0593
ATR_exon30	20	0.9628	0.0502	0.9529	0.8806	1.102	0.9529	0.0502
ATR_exon31	20	1.0392	0.0509	1.0291	0.9765	1.2205	1.0291	0.0509
ATR_exon32	20	0.9355	0.0533	0.9358	0.8495	1.0886	0.9358	0.0533
ATR_exon33	20	0.926	0.0417	0.9124	0.8834	1.0648	0.9124	0.0417
ATR_exon34	20	0.9133	0.0449	0.9037	0.8713	1.0707	0.9037	0.0449
ATR_exon35	20	1.1378	0.0541	1.1313	1.0616	1.3176	1.1313	0.0541
ATR_exon36	20	1.3393	0.0716	1.3245	1.2372	1.5522	1.3245	0.0716
ATR_exon37	20	1.228	0.0633	1.2288	1.1384	1.4549	1.2288	0.0633
ATR_exon38	20	1.193	0.062	1.1839	1.1177	1.3693	1.1839	0.062
ATR_exon39	20	1.0857	0.0468	1.0747	1.0149	1.2164	1.0747	0.0468
ATR_exon4	20	0.8619	0.0392	0.8607	0.8096	0.9929	0.8607	0.0392
ATR_exon40	20	1.0558	0.0577	1.0583	0.9634	1.2026	1.0583	0.0577
ATR_exon41	20	1.0885	0.0637	1.0811	0.977	1.2696	1.0811	0.0637
ATR_exon42	20	1.0623	0.0422	1.0614	0.9713	1.1755	1.0614	0.0422
ATR_exon43	20	0.9462	0.0472	0.9437	0.8728	1.0399	0.9437	0.0472
ATR_exon44	20	1.3682	0.0686	1.3605	1.2686	1.6023	1.3605	0.0686
ATR_exon45	20	0.9891	0.0478	0.9789	0.9112	1.1248	0.9789	0.0478
ATR_exon46	20	0.829	0.0498	0.8256	0.7501	0.9408	0.8256	0.0498
ATR_exon47	20	0.9264	0.0525	0.9301	0.8309	1.0153	0.9301	0.0525
ATR_exon5	20	1.1972	0.0508	1.2009	1.1263	1.3433	1.2009	0.0508
ATR_exon6	20	1.1712	0.0603	1.1537	1.0922	1.3449	1.1537	0.0603
ATR_exon7	20	0.9871	0.0441	0.9813	0.9333	1.1417	0.9813	0.0441
ATR_exon8	20	0.8017	0.0712	0.7935	0.7048	0.9649	0.7935	0.0712
ATR_exon9	20	0.9152	0.0405	0.9137	0.8557	1.0159	0.9137	0.0405
BAX_exon1	20	0.2926	0.0332	0.286	0.2323	0.391	0.286	0.0332
BAX_exon2	20	1.2238	0.0558	1.2253	1.1344	1.4055	1.2253	0.0558
BAX_exon3	20	1.1992	0.0748	1.1803	1.0997	1.4439	1.1803	0.0748
BAX_exon4	20	0.4549	0.037	0.4482	0.4074	0.531	0.4482	0.037
BAX_exon5	20	0.8944	0.0508	0.8853	0.8037	1.0481	0.8853	0.0508
BAX_exon6	20	1.2699	0.0579	1.2583	1.1416	1.4224	1.2583	0.0579
BAX_exon7	20	0.9001	0.0421	0.8985	0.8175	0.9983	0.8985	0.0421
BCL7A_exon1	20	0.1032	0.0279	0.1037	0.059	0.1522	0.1037	0.0279
BCL7A_exon2	20	1.0745	0.0603	1.0844	0.9137	1.1732	1.0844	0.0603
BCL7A_exon3	20	1.1316	0.0591	1.1433	0.9923	1.2233	1.1433	0.0591
BCL7A_exon4	20	0.7862	0.0554	0.7888	0.6954	0.9266	0.7888	0.0554
BCL7A_exon5	20	1.0821	0.0603	1.0835	0.9093	1.1957	1.0835	0.0603
BCL7A_exon6	20	1.1352	0.036	1.1423	1.0598	1.1889	1.1423	0.036
BIRC2_exon1	20	0.9535	0.064	0.9493	0.878	1.1405	0.9493	0.064
BIRC2_exon10	20	1.0791	0.063	1.055	0.9926	1.2802	1.055	0.063
BIRC2_exon2	20	1.3316	0.0741	1.3304	1.2243	1.5572	1.3304	0.0741
BIRC2_exon3	20	1.3902	0.0708	1.3937	1.2841	1.5786	1.3937	0.0708
BIRC2_exon4	20	1.2802	0.081	1.2556	1.159	1.5036	1.2556	0.081
BIRC2_exon5	20	1.1732	0.0823	1.1662	1.0546	1.4433	1.1662	0.0823
BIRC2_exon6	20	0.7872	0.047	0.7855	0.7137	0.8975	0.7855	0.047
BIRC2_exon7	20	1.1649	0.0637	1.1573	1.0759	1.3084	1.1573	0.0637
BIRC2_exon8	20	1.1073	0.0478	1.1011	1.0039	1.2094	1.1011	0.0478
BIRC2_exon9	20	1.2084	0.0697	1.1951	1.1213	1.4245	1.1951	0.0697
BIRC3_exon1	20	1.1465	0.0559	1.141	1.0601	1.3027	1.141	0.0559
BIRC3_exon2	20	1.3096	0.0579	1.2997	1.2218	1.5056	1.2997	0.0579
BIRC3_exon3	20	0.5405	0.0424	0.5369	0.4832	0.6446	0.5369	0.0424
BIRC3_exon4	20	0.8707	0.0443	0.863	0.8185	1.0045	0.863	0.0443
BIRC3_exon5	20	0.5032	0.0506	0.4934	0.4394	0.635	0.4934	0.0506
BIRC3_exon6	20	1.062	0.0522	1.0579	0.987	1.1973	1.0579	0.0522
BIRC3_exon7	20	1.0747	0.0593	1.0733	0.9634	1.2558	1.0733	0.0593
BIRC3_exon8	20	1.1155	0.0616	1.1008	1.051	1.3374	1.1008	0.0616
BRAF_exon1	20	0.9675	0.0371	0.9695	0.9074	1.0271	0.9695	0.0371
BRAF_exon10	20	1.0163	0.0296	1.0136	0.9533	1.0589	1.0136	0.0296
BRAF_exon11	20	1.0767	0.0317	1.0801	1.014	1.1253	1.0801	0.0317
BRAF_exon12	20	1.1397	0.0487	1.1397	1.0342	1.2103	1.1397	0.0487
BRAF_exon13	20	1.0213	0.0385	1.0271	0.9383	1.1127	1.0271	0.0385
BRAF_exon14	20	0.929	0.0376	0.923	0.8467	1.024	0.923	0.0376
BRAF_exon15	20	0.9925	0.0274	0.9895	0.9394	1.056	0.9895	0.0274
BRAF_exon16	20	1.0965	0.0333	1.1002	1.0331	1.1541	1.1002	0.0333
BRAF_exon17	20	0.8959	0.0383	0.9075	0.8243	0.9451	0.9075	0.0383
BRAF_exon18	20	0.9151	0.0377	0.9221	0.8349	0.9921	0.9221	0.0377
BRAF_exon19	20	1.0287	0.0415	1.0222	0.9363	1.0886	1.0222	0.0415
BRAF_exon2	20	0.3902	0.0287	0.3893	0.3498	0.468	0.3893	0.0287
BRAF_exon20	20	0.8844	0.0974	0.8524	0.7552	1.0566	0.8524	0.0974
BRAF_exon21	20	0.7893	0.0728	0.7943	0.6739	0.8977	0.7943	0.0728
BRAF_exon22	20	1.076	0.053	1.071	0.9783	1.1729	1.071	0.053
BRAF_exon23	20	0.9184	0.0394	0.916	0.831	0.9861	0.916	0.0394
BRAF_exon24	20	1.1213	0.0359	1.1293	1.0376	1.1669	1.1293	0.0359
BRAF_exon25	20	0.9873	0.0351	0.9814	0.9277	1.0518	0.9814	0.0351
BRAF_exon26	20	0.6892	0.0401	0.6785	0.6363	0.7879	0.6785	0.0401
BRAF_exon27	20	0.3163	0.0363	0.3229	0.26	0.3789	0.3229	0.0363
BRAF_exon3	20	0.9859	0.0467	0.9862	0.9227	1.1265	0.9862	0.0467
BRAF_exon4	20	0.8828	0.0257	0.8812	0.8381	0.9309	0.8812	0.0257
BRAF_exon5	20	1.0087	0.0406	1.0081	0.9456	1.0851	1.0081	0.0406
BRAF_exon6	20	1.113	0.0493	1.1247	1.0132	1.1863	1.1247	0.0493
BRAF_exon7	20	1.1761	0.0411	1.1762	1.1202	1.2638	1.1762	0.0411
BRAF_exon8	20	1.3366	0.046	1.3365	1.2322	1.4075	1.3365	0.046
BRAF_exon9	20	0.8368	0.0387	0.8325	0.7655	0.964	0.8325	0.0387
BTG1_exon1	20	1.0733	0.0545	1.0785	0.9184	1.1598	1.0785	0.0545
BTG1_exon2	20	1.2221	0.0594	1.2221	1.0608	1.3411	1.2221	0.0594
BTG1_exon3	20	0.4646	0.0689	0.4785	0.3537	0.5707	0.4785	0.0689
CARD11_exon1	20	0.9092	0.0583	0.9096	0.8097	1.0379	0.9096	0.0583
CARD11_exon10	20	0.9735	0.0532	0.9729	0.8838	1.0624	0.9729	0.0532
CARD11_exon11	20	0.709	0.0366	0.7127	0.6279	0.7655	0.7127	0.0366
CARD11_exon12	20	0.9282	0.0523	0.9312	0.808	1.0419	0.9312	0.0523
CARD11_exon13	20	1.3468	0.0633	1.3444	1.255	1.4893	1.3444	0.0633
CARD11_exon14	20	0.8347	0.048	0.8355	0.7314	0.9133	0.8355	0.048
CARD11_exon15	20	0.6812	0.0433	0.6807	0.615	0.8125	0.6807	0.0433
CARD11_exon16	20	1.2303	0.0507	1.2323	1.1502	1.322	1.2323	0.0507
CARD11_exon17	20	1.4891	0.0594	1.4801	1.3835	1.6	1.4801	0.0594
CARD11_exon18	20	1.1555	0.057	1.1577	1.0692	1.2641	1.1577	0.057
CARD11_exon19	20	1.1679	0.0615	1.1702	1.0277	1.2677	1.1702	0.0615
CARD11_exon2	20	1.1492	0.0591	1.152	1.0397	1.2461	1.152	0.0591
CARD11_exon20	20	0.6876	0.056	0.6711	0.5785	0.7966	0.6711	0.056
CARD11_exon21	20	1.1843	0.0546	1.1954	1.0804	1.2995	1.1954	0.0546
CARD11_exon22	20	1.2704	0.0531	1.2771	1.1422	1.3571	1.2771	0.0531
CARD11_exon23	20	1.3015	0.0701	1.2911	1.1087	1.3905	1.2911	0.0701
CARD11_exon24	20	1.132	0.0573	1.1305	0.9661	1.2363	1.1305	0.0573
CARD11_exon25	20	1.2374	0.0695	1.2406	1.0889	1.3616	1.2406	0.0695
CARD11_exon26	20	0.7536	0.0509	0.7538	0.6287	0.8359	0.7538	0.0509
CARD11_exon3	20	1.4454	0.0596	1.4418	1.3182	1.5447	1.4418	0.0596
CARD11_exon4	20	1.2877	0.066	1.2929	1.1144	1.3829	1.2929	0.066
CARD11_exon5	20	0.9588	0.0524	0.9715	0.8381	1.0322	0.9715	0.0524
CARD11_exon6	20	1.236	0.0433	1.2322	1.1508	1.3015	1.2322	0.0433
CARD11_exon7	20	1.1905	0.0497	1.1861	1.0855	1.2875	1.1861	0.0497
CARD11_exon8	20	0.9567	0.0383	0.9649	0.8816	1.0173	0.9649	0.0383
CARD11_exon9	20	1.1365	0.0385	1.1382	1.0543	1.2103	1.1382	0.0385
CCND1_exon1	20	0.7446	0.0561	0.7385	0.6394	0.8631	0.7385	0.0561
CCND1_exon2	20	0.4968	0.0621	0.5064	0.378	0.5909	0.5064	0.0621
CCND1_exon3	20	1.2573	0.0781	1.251	1.1015	1.3705	1.251	0.0781
CCND1_exon4	20	0.7969	0.0569	0.7797	0.7314	0.9717	0.7797	0.0569
CCND1_exon5	20	0.9104	0.0486	0.9126	0.8239	1.0238	0.9126	0.0486
CCND1_exon6	20	1.1023	0.0627	1.0895	1.0323	1.2694	1.0895	0.0627
CD19_exon1	20	1.2751	0.0553	1.2857	1.1626	1.3634	1.2857	0.0553
CD19_exon2	20	0.6046	0.0278	0.6064	0.5455	0.6765	0.6064	0.0278
CD19_exon3	20	0.9739	0.0402	0.965	0.9147	1.0601	0.965	0.0402
CD19_exon4	20	1.1195	0.0455	1.1208	1.0438	1.2125	1.1208	0.0455
CD19_exon5	20	1.3837	0.0536	1.3909	1.2657	1.4899	1.3909	0.0536
CD19_exon6	20	1.0526	0.0467	1.0446	1.0049	1.1734	1.0446	0.0467
CD19_exon7	20	0.8925	0.0373	0.895	0.8134	0.9518	0.895	0.0373
CD19_exon8	20	1.3151	0.0474	1.3141	1.2359	1.4396	1.3141	0.0474
CD19_exon9	20	1.2969	0.0503	1.2845	1.2178	1.3852	1.2845	0.0503
CD27_exon1	20	0.9166	0.0352	0.9131	0.8517	0.9846	0.9131	0.0352
CD27_exon2	20	0.973	0.0359	0.9758	0.8852	1.0245	0.9758	0.0359
CD27_exon3	20	1.3429	0.0411	1.3508	1.2404	1.4081	1.3508	0.0411
CD27_exon4	20	1.1866	0.0436	1.1855	1.1112	1.2619	1.1855	0.0436
CD27_exon5	20	0.8778	0.0393	0.8755	0.822	0.9642	0.8755	0.0393
CD38_exon1	20	0.9623	0.0609	0.972	0.8731	1.0821	0.972	0.0609
CD38_exon2	20	1.0193	0.0418	1.0203	0.9499	1.1212	1.0203	0.0418
CD38_exon3	20	1.0523	0.0386	1.0564	0.9578	1.1285	1.0564	0.0386
CD38_exon4	20	1.0618	0.0462	1.0686	0.9877	1.1637	1.0686	0.0462
CD38_exon5	20	1.0713	0.0295	1.0686	1.0218	1.1222	1.0686	0.0295
CD38_exon6	20	0.9166	0.0391	0.9172	0.8303	0.9735	0.9172	0.0391
CD38_exon7	20	0.9458	0.0571	0.9405	0.8682	1.0783	0.9405	0.0571
CD38_exon8	20	0.8606	0.0363	0.8604	0.7998	0.9602	0.8604	0.0363
CDKN1B_exon1	20	0.9698	0.0366	0.9752	0.8948	1.0313	0.9752	0.0366
CDKN1B_exon2	20	0.9883	0.0547	0.9786	0.893	1.1122	0.9786	0.0547
CDKN1B_exon3	20	1.1462	0.0337	1.1374	1.0899	1.2046	1.1374	0.0337
CDKN2C_exon1	20	1.1567	0.0495	1.1468	1.0204	1.2354	1.1468	0.0495
CDKN2C_exon2	20	1.1005	0.0374	1.0902	1.0366	1.1724	1.0902	0.0374
CKS1B_exon1	20	1.1313	0.0726	1.1157	1.0184	1.2457	1.1157	0.0726
CKS1B_exon2	20	1.0149	0.0521	1.0229	0.9136	1.1217	1.0229	0.0521
CKS1B_exon3	20	0.9761	0.0431	0.9761	0.8959	1.059	0.9761	0.0431
CRBN_exon1	20	0.9287	0.0523	0.9181	0.8664	1.0825	0.9181	0.0523
CRBN_exon10	20	1.085	0.0611	1.0774	1.0096	1.2482	1.0774	0.0611
CRBN_exon11	20	0.3954	0.0595	0.3977	0.2993	0.5132	0.3977	0.0595
CRBN_exon2	20	0.6526	0.0682	0.6361	0.5567	0.7989	0.6361	0.0682
CRBN_exon3	20	1.0909	0.0608	1.0711	1.0114	1.2875	1.0711	0.0608
CRBN_exon4	20	0.9961	0.05	0.9865	0.9319	1.158	0.9865	0.05
CRBN_exon5	20	0.9403	0.0614	0.9304	0.865	1.1273	0.9304	0.0614
CRBN_exon6	20	0.863	0.0642	0.8687	0.7557	1.0003	0.8687	0.0642
CRBN_exon7	20	0.9241	0.0534	0.9194	0.8547	1.0946	0.9194	0.0534
CRBN_exon8	20	1.0298	0.0517	1.0286	0.963	1.1962	1.0286	0.0517
CRBN_exon9	20	1.3173	0.0754	1.303	1.1994	1.5712	1.303	0.0754
CUL4B_exon1	20	0.8548	0.2478	0.7057	0.5264	1.223	0.7057	0.2478
CUL4B_exon10	20	0.8189	0.2496	0.6677	0.5687	1.2126	0.6677	0.2496
CUL4B_exon11	20	0.7278	0.2171	0.5833	0.4897	1.0568	0.5833	0.2171
CUL4B_exon12	20	0.7638	0.2235	0.617	0.5187	1.1312	0.617	0.2235
CUL4B_exon13	20	0.9954	0.2914	0.8122	0.638	1.4287	0.8122	0.2914
CUL4B_exon14	20	0.9366	0.2708	0.766	0.6274	1.3412	0.766	0.2708
CUL4B_exon15	20	0.7595	0.2139	0.6224	0.548	1.0922	0.6224	0.2139
CUL4B_exon16	20	0.6998	0.2028	0.5663	0.4987	1.0062	0.5663	0.2028
CUL4B_exon17	20	0.892	0.268	0.7421	0.5519	1.3099	0.7421	0.268
CUL4B_exon18	20	0.8483	0.2411	0.7	0.5977	1.2183	0.7	0.2411
CUL4B_exon19	20	0.8142	0.2326	0.6627	0.5431	1.173	0.6627	0.2326
CUL4B_exon2	20	0.7673	0.2169	0.6262	0.541	1.0819	0.6262	0.2169
CUL4B_exon20	20	0.9869	0.2988	0.7787	0.6454	1.4041	0.7787	0.2988
CUL4B_exon21	20	0.9715	0.297	0.7663	0.6859	1.3996	0.7663	0.297
CUL4B_exon22	20	0.2117	0.0665	0.1679	0.1411	0.3263	0.1679	0.0665
CUL4B_exon23	20	0.828	0.2448	0.6713	0.5534	1.1911	0.6713	0.2448
CUL4B_exon3	20	0.6601	0.1941	0.5385	0.4571	0.9397	0.5385	0.1941
CUL4B_exon4	20	0.7189	0.1932	0.6046	0.5228	1.0059	0.6046	0.1932
CUL4B_exon5	20	0.6175	0.1656	0.5214	0.4365	0.882	0.5214	0.1656
CUL4B_exon6	20	0.6906	0.1984	0.5759	0.4599	0.9764	0.5759	0.1984
CUL4B_exon7	20	0.6564	0.1969	0.5357	0.4485	0.9378	0.5357	0.1969
CUL4B_exon8	20	0.5992	0.1756	0.4972	0.3965	0.8508	0.4972	0.1756
CUL4B_exon9	20	0.7776	0.2201	0.6333	0.5504	1.1423	0.6333	0.2201
CYLD_exon1	20	1.0612	0.0556	1.0653	0.919	1.1505	1.0653	0.0556
CYLD_exon10	20	1.0426	0.0555	1.0523	0.9115	1.132	1.0523	0.0555
CYLD_exon11	20	1.2385	0.0955	1.2522	1.0588	1.3886	1.2522	0.0955
CYLD_exon12	20	0.9966	0.0463	0.9984	0.8556	1.0697	0.9984	0.0463
CYLD_exon13	20	1.0152	0.0563	1.0077	0.8797	1.1475	1.0077	0.0563
CYLD_exon14	20	0.8468	0.0474	0.8407	0.7163	0.9254	0.8407	0.0474
CYLD_exon15	20	0.9438	0.0495	0.9461	0.7992	1.0215	0.9461	0.0495
CYLD_exon16	20	0.7884	0.0489	0.7831	0.7221	0.8834	0.7831	0.0489
CYLD_exon17	20	0.8851	0.0531	0.8862	0.8019	1.0035	0.8862	0.0531
CYLD_exon18	20	1.0808	0.0691	1.0709	0.943	1.185	1.0709	0.0691
CYLD_exon19	20	1.0081	0.0606	1.0028	0.8847	1.1178	1.0028	0.0606
CYLD_exon2	20	1.1118	0.062	1.1223	0.93	1.2105	1.1223	0.062
CYLD_exon20	20	1.1064	0.0554	1.1214	0.9581	1.1925	1.1214	0.0554
CYLD_exon21	20	0.7548	0.0524	0.7495	0.6641	0.8581	0.7495	0.0524
CYLD_exon3	20	1.0388	0.0571	1.0513	0.8812	1.131	1.0513	0.0571
CYLD_exon4	20	0.7396	0.0489	0.7332	0.6702	0.8618	0.7332	0.0489
CYLD_exon5	20	0.9636	0.0432	0.9574	0.8545	1.0503	0.9574	0.0432
CYLD_exon6	20	0.9	0.053	0.9028	0.7679	0.9654	0.9028	0.053
CYLD_exon7	20	0.8985	0.0425	0.8982	0.79	0.9722	0.8982	0.0425
CYLD_exon8	20	1.0998000000000001	0.0818	1.1098	0.9006	1.2093	1.1098	0.0818
CYLD_exon9	20	0.9882	0.0661	0.9982	0.8294	1.0953	0.9982	0.0661
DDB1_exon1	20	0.9939	0.0613	0.9785	0.9037	1.1751	0.9785	0.0613
DDB1_exon10	20	1.0992	0.0437	1.0898	1.0328	1.2273	1.0898	0.0437
DDB1_exon11	20	1.1886	0.0425	1.1881	1.1239	1.3061	1.1881	0.0425
DDB1_exon12	20	1.3047	0.0638	1.3098	1.175	1.4754	1.3098	0.0638
DDB1_exon13	20	1.3111	0.0658	1.3031	1.2172	1.5419	1.3031	0.0658
DDB1_exon14	20	1.3565	0.0625	1.3424	1.2705	1.5383	1.3424	0.0625
DDB1_exon15	20	1.4106	0.071	1.3924	1.3315	1.632	1.3924	0.071
DDB1_exon16	20	1.1781	0.0824	1.1797	1	1.4433	1.1797	0.0824
DDB1_exon17	20	1.3214	0.0599	1.3101	1.2499	1.5362	1.3101	0.0599
DDB1_exon18	20	0.9981	0.0576	0.9886	0.9236	1.1883	0.9886	0.0576
DDB1_exon19	20	1.2863	0.059	1.2764	1.2058	1.4962	1.2764	0.059
DDB1_exon2	20	1.1651	0.0471	1.1501	1.0935	1.3264	1.1501	0.0471
DDB1_exon20	20	1.0957	0.061	1.0916	1.0088	1.2955	1.0916	0.061
DDB1_exon21	20	0.9884	0.0447	0.9818	0.934	1.1367	0.9818	0.0447
DDB1_exon22	20	1.3419	0.0677	1.3339	1.26	1.5499	1.3339	0.0677
DDB1_exon23	20	0.9698	0.0518	0.9577	0.8995	1.1349	0.9577	0.0518
DDB1_exon24	20	1.2284	0.0599	1.2279	1.1555	1.435	1.2279	0.0599
DDB1_exon25	20	0.3226	0.0488	0.3195	0.2522	0.456	0.3195	0.0488
DDB1_exon3	20	1.0391	0.0522	1.0315	0.9785	1.1907	1.0315	0.0522
DDB1_exon4	20	1.1417	0.056	1.1488	1.0663	1.3223	1.1488	0.056
DDB1_exon5	20	1.0507	0.0551	1.0523	0.9699	1.1947	1.0523	0.0551
DDB1_exon6	20	1.2461	0.0705	1.2494	1.13	1.4511	1.2494	0.0705
DDB1_exon7	20	1.0909	0.0633	1.1056	1.0063	1.2681	1.1056	0.0633
DDB1_exon8	20	1.3584	0.0584	1.3414	1.2952	1.5596	1.3414	0.0584
DDB1_exon9	20	1.2852	0.0574	1.2849	1.1905	1.494	1.2849	0.0574
DIS3_exon1	20	0.8456	0.0379	0.8467	0.7455	0.9084	0.8467	0.0379
DIS3_exon10	20	0.9535	0.0437	0.9543	0.8829	1.0253	0.9543	0.0437
DIS3_exon11	20	1.0041	0.0464	1.0136	0.9022	1.0765	1.0136	0.0464
DIS3_exon12	20	1.2081	0.0654	1.2253	1.0423	1.3427	1.2253	0.0654
DIS3_exon13	20	1.0739	0.0445	1.0765	0.9478	1.1439	1.0765	0.0445
DIS3_exon14	20	0.9847	0.0493	0.9834	0.8723	1.0973	0.9834	0.0493
DIS3_exon15	20	0.9268	0.0472	0.9296	0.8102	1.018	0.9296	0.0472
DIS3_exon16	20	1.0591	0.0474	1.0558	0.9579	1.1524	1.0558	0.0474
DIS3_exon17	20	0.8903	0.0503	0.8927	0.7925	0.9923	0.8927	0.0503
DIS3_exon18	20	1.1498	0.0497	1.1575	1.0159	1.2256	1.1575	0.0497
DIS3_exon19	20	1.0163	0.0533	1.0271	0.8829	1.1068	1.0271	0.0533
DIS3_exon2	20	1.1278	0.0598	1.14	1.0003	1.2178	1.14	0.0598
DIS3_exon20	20	0.868	0.0566	0.8516	0.7816	0.9948	0.8516	0.0566
DIS3_exon21	20	0.749	0.0637	0.7536	0.6202	0.8522	0.7536	0.0637
DIS3_exon3	20	1.103	0.0662	1.0711	0.991	1.2256	1.0711	0.0662
DIS3_exon4	20	1.1759	0.0507	1.1726	1.0403	1.254	1.1726	0.0507
DIS3_exon5	20	1.2395	0.0642	1.2493	1.0559	1.3563	1.2493	0.0642
DIS3_exon6	20	0.8109	0.0601	0.8051	0.7124	0.9503	0.8051	0.0601
DIS3_exon7	20	0.8563	0.0538	0.8472	0.7633	0.9483	0.8472	0.0538
DIS3_exon8	20	0.6421	0.051	0.624	0.5647	0.7746	0.624	0.051
DIS3_exon9	20	0.8166	0.0479	0.8297	0.7026	0.9074	0.8297	0.0479
DNAH5_exon1	20	1.0187	0.0409	1.0015	0.9653	1.1004	1.0015	0.0409
DNAH5_exon10	20	1.115	0.0492	1.1083	1.0348	1.2109	1.1083	0.0492
DNAH5_exon11	20	0.9884	0.0449	0.9899	0.8765	1.0667	0.9899	0.0449
DNAH5_exon12	20	0.7524	0.0389	0.7638	0.647	0.8268	0.7638	0.0389
DNAH5_exon13	20	1.0585	0.0367	1.073	0.9998	1.1168	1.073	0.0367
DNAH5_exon14	20	0.8178	0.0449	0.829	0.738	0.9137	0.829	0.0449
DNAH5_exon15	20	0.7892	0.0374	0.7923	0.6954	0.8402	0.7923	0.0374
DNAH5_exon16	20	0.982	0.035	0.9809	0.903	1.0374	0.9809	0.035
DNAH5_exon17	20	1.01	0.0438	1.0025	0.9113	1.0824	1.0025	0.0438
DNAH5_exon18	20	1.0777	0.0504	1.087	0.9533	1.1504	1.087	0.0504
DNAH5_exon19	20	1.1154	0.0423	1.1153	1.0375	1.1758	1.1153	0.0423
DNAH5_exon2	20	1.0056	0.0555	1.0058	0.9131	1.1128	1.0058	0.0555
DNAH5_exon20	20	1.0421	0.0531	1.0396	0.957	1.1788	1.0396	0.0531
DNAH5_exon21	20	1.0105	0.0551	1.0084	0.9071	1.092	1.0084	0.0551
DNAH5_exon22	20	1.1112	0.0394	1.122	1.0318	1.1549	1.122	0.0394
DNAH5_exon23	20	1.1542	0.0521	1.1661	1.0407	1.2298	1.1661	0.0521
DNAH5_exon24	20	1.1657	0.0369	1.1535	1.1177	1.2473	1.1535	0.0369
DNAH5_exon25	20	1.0274	0.0454	1.0277	0.9555	1.1706	1.0277	0.0454
DNAH5_exon26	20	1.2303	0.0418	1.2411	1.1268	1.2908	1.2411	0.0418
DNAH5_exon27	20	1.2862	0.0465	1.2883	1.1804	1.3478	1.2883	0.0465
DNAH5_exon28	20	1.0532	0.0412	1.0607	0.967	1.1419	1.0607	0.0412
DNAH5_exon29	20	1.1423	0.0365	1.1431	1.0688	1.1965	1.1431	0.0365
DNAH5_exon3	20	1.2931	0.0549	1.3064	1.1938	1.3603	1.3064	0.0549
DNAH5_exon30	20	0.9007	0.0337	0.9004	0.8271	0.9668	0.9004	0.0337
DNAH5_exon31	20	0.9632	0.0372	0.9623	0.8653	1.0189	0.9623	0.0372
DNAH5_exon32	20	1.2095	0.0547	1.2049	1.1171	1.3166	1.2049	0.0547
DNAH5_exon33	20	1.1178	0.0578	1.1115	0.9746	1.2067	1.1115	0.0578
DNAH5_exon34	20	0.9211	0.0369	0.9145	0.8749	1.0031	0.9145	0.0369
DNAH5_exon35	20	0.9052	0.0484	0.9063	0.8163	0.9883	0.9063	0.0484
DNAH5_exon36	20	1.0575	0.0406	1.0554	0.973	1.1212	1.0554	0.0406
DNAH5_exon37	20	1.0372	0.04	1.0384	0.9521	1.1184	1.0384	0.04
DNAH5_exon38	20	0.4669	0.0353	0.4689	0.4047	0.533	0.4689	0.0353
DNAH5_exon39	20	1.0315	0.0554	1.0241	0.9654	1.2157	1.0241	0.0554
DNAH5_exon4	20	0.9742	0.0463	0.9557	0.9136	1.0998000000000001	0.9557	0.0463
DNAH5_exon40	20	0.9809	0.0378	0.9782	0.9219	1.0451	0.9782	0.0378
DNAH5_exon41	20	1.034	0.039	1.0412	0.9506	1.0922	1.0412	0.039
DNAH5_exon42	20	1.1838	0.0628	1.1746	1.0761	1.287	1.1746	0.0628
DNAH5_exon43	20	0.6476	0.0498	0.6388	0.5831	0.8188	0.6388	0.0498
DNAH5_exon44	20	1.2624	0.0464	1.2671	1.1691	1.3661	1.2671	0.0464
DNAH5_exon45	20	1.1358	0.0341	1.1411	1.0675	1.1882	1.1411	0.0341
DNAH5_exon46	20	0.8033	0.0304	0.7947	0.7601	0.8589	0.7947	0.0304
DNAH5_exon47	20	0.8149	0.0337	0.8182	0.7606	0.9047	0.8182	0.0337
DNAH5_exon48	20	1.0005	0.0376	0.9972	0.9315	1.0659	0.9972	0.0376
DNAH5_exon49	20	0.8406	0.0429	0.8475	0.7532	0.9198	0.8475	0.0429
DNAH5_exon5	20	1.1543	0.0458	1.1642	1.0675	1.2324	1.1642	0.0458
DNAH5_exon50	20	0.6491	0.0356	0.6484	0.5777	0.7489	0.6484	0.0356
DNAH5_exon51	20	0.8065	0.0274	0.805	0.7373	0.8548	0.805	0.0274
DNAH5_exon52	20	0.7519	0.0361	0.7455	0.6952	0.8378	0.7455	0.0361
DNAH5_exon53	20	1.1054	0.0526	1.1104	0.9819	1.2023	1.1104	0.0526
DNAH5_exon54	20	0.7369	0.037	0.7301	0.6679	0.8364	0.7301	0.037
DNAH5_exon55	20	1.072	0.0518	1.0741	0.9632	1.1588	1.0741	0.0518
DNAH5_exon56	20	1.1787	0.0406	1.1854	1.0753	1.2362	1.1854	0.0406
DNAH5_exon57	20	1.0708	0.0434	1.0843	0.9771	1.1598	1.0843	0.0434
DNAH5_exon58	20	1.0062	0.0448	1.0071	0.9101	1.075	1.0071	0.0448
DNAH5_exon59	20	0.6587	0.0401	0.6491	0.6015	0.7506	0.6491	0.0401
DNAH5_exon6	20	1.0095	0.0403	1.0133	0.9399	1.0678	1.0133	0.0403
DNAH5_exon60	20	1.0054	0.0417	1.014	0.9129	1.0832	1.014	0.0417
DNAH5_exon61	20	1.0585	0.0311	1.0545	1.0187	1.1162	1.0545	0.0311
DNAH5_exon62	20	1.1942	0.0278	1.1972	1.1346	1.2512	1.1972	0.0278
DNAH5_exon63	20	1.0211	0.0474	1.0196	0.9181	1.116	1.0196	0.0474
DNAH5_exon64	20	1.082	0.0289	1.0867	1.0324	1.1476	1.0867	0.0289
DNAH5_exon65	20	1.2731	0.0468	1.2735	1.1554	1.3581	1.2735	0.0468
DNAH5_exon66	20	1.1016	0.0353	1.1063	1.0296	1.1689	1.1063	0.0353
DNAH5_exon67	20	0.8492	0.0484	0.8538	0.7639	0.9419	0.8538	0.0484
DNAH5_exon68	20	0.6059	0.0315	0.6008	0.5473	0.6894	0.6008	0.0315
DNAH5_exon69	20	1.1471	0.0473	1.1571	1.0381	1.2026	1.1571	0.0473
DNAH5_exon7	20	1.1656	0.0621	1.1674	1.0638	1.2671	1.1674	0.0621
DNAH5_exon70	20	1.0157	0.0479	1.0216	0.9234	1.121	1.0216	0.0479
DNAH5_exon71	20	1.141	0.0453	1.141	1.044	1.2294	1.141	0.0453
DNAH5_exon72	20	0.9436	0.0483	0.9308	0.8677	1.0438	0.9308	0.0483
DNAH5_exon73	20	1.1109	0.0407	1.1106	1.0407	1.2258	1.1106	0.0407
DNAH5_exon74	20	1.0296	0.0456	1.0175	0.9608	1.1246	1.0175	0.0456
DNAH5_exon75	20	0.9898	0.0321	0.9982	0.9207	1.0443	0.9982	0.0321
DNAH5_exon76	20	0.9391	0.0273	0.9478	0.8866	0.982	0.9478	0.0273
DNAH5_exon77	20	1.3458	0.0512	1.3592	1.2561	1.4252	1.3592	0.0512
DNAH5_exon78	20	0.8923	0.036	0.8933	0.824	0.9603	0.8933	0.036
DNAH5_exon79	20	1.09	0.0356	1.0972	1.0312	1.1502	1.0972	0.0356
DNAH5_exon8	20	1.105	0.0652	1.1152	0.9231	1.1939	1.1152	0.0652
DNAH5_exon80	20	1.1155	0.0503	1.1197	1.0217	1.2281	1.1197	0.0503
DNAH5_exon81	20	1.0313	0.0476	1.0394	0.9338	1.1285	1.0394	0.0476
DNAH5_exon82	20	0.9806	0.0356	0.9861	0.9127	1.0423	0.9861	0.0356
DNAH5_exon83	20	1.044	0.0531	1.0594	0.9059	1.1303	1.0594	0.0531
DNAH5_exon84	20	0.8542	0.0404	0.8534	0.8008	0.9698	0.8534	0.0404
DNAH5_exon85	20	0.8861	0.0666	0.8805	0.806	1.1285	0.8805	0.0666
DNAH5_exon9	20	1.0188	0.04	1.0288	0.9214	1.074	1.0288	0.04
DTX1_exon1	20	1.2398	0.0577	1.2382	1.1153	1.3173	1.2382	0.0577
DTX1_exon10	20	0.7678	0.0558	0.7645	0.671	0.8489	0.7645	0.0558
DTX1_exon2	20	1.2265	0.0632	1.2385	1.0678	1.3301	1.2385	0.0632
DTX1_exon3	20	0.6366	0.0601	0.6301	0.5448	0.7301	0.6301	0.0601
DTX1_exon4	20	0.6586	0.0521	0.6715	0.5571	0.744	0.6715	0.0521
DTX1_exon5	20	0.6425	0.0498	0.6411	0.5685	0.7578	0.6411	0.0498
DTX1_exon6	20	1.0012	0.0613	1.0005	0.8672	1.1117	1.0005	0.0613
DTX1_exon7	20	1.1071	0.0554	1.1159	0.9858	1.1846	1.1159	0.0554
DTX1_exon8	20	1.1893	0.0466	1.1979	1.0534	1.2625	1.1979	0.0466
DTX1_exon9	20	0.8764	0.0665	0.8863	0.7529	1.0042	0.8863	0.0665
DUSP2_exon1	20	1.2116	0.0376	1.2093	1.1403	1.3006	1.2093	0.0376
DUSP2_exon2	20	0.8743	0.0487	0.8651	0.7838	0.9972	0.8651	0.0487
DUSP2_exon3	20	0.4795	0.033	0.4813	0.4097	0.5274	0.4813	0.033
EGR1_exon1	20	0.8734	0.1003	0.906	0.7213	1.0188	0.906	0.1003
EGR1_exon2	20	0.8175	0.0935	0.8327	0.6772	0.956	0.8327	0.0935
EGR1_exon3	20	1.2976	0.0692	1.2916	1.1512	1.4411	1.2916	0.0692
EGR1_exon4	20	1.4347	0.0609	1.4385	1.2646	1.5445	1.4385	0.0609
EGR1_exon5	20	1.1555	0.0402	1.1475	1.1066	1.2764	1.1475	0.0402
EVI5_exon1	20	1.0796	0.0366	1.0722	1.0161	1.1548	1.0722	0.0366
EVI5_exon10	20	0.8832	0.0371	0.8827	0.8015	0.9374	0.8827	0.0371
EVI5_exon11	20	0.8279	0.0374	0.8228	0.7679	0.9351	0.8228	0.0374
EVI5_exon12	20	1.1106	0.0436	1.1037	1.0479	1.2423	1.1037	0.0436
EVI5_exon13	20	1.2316	0.0462	1.2447	1.1249	1.3075	1.2447	0.0462
EVI5_exon14	20	1.0211	0.0429	1.017	0.9586	1.0992	1.017	0.0429
EVI5_exon15	20	0.9154	0.0321	0.9051	0.8682	0.9827	0.9051	0.0321
EVI5_exon16	20	0.8868	0.0328	0.8822	0.8285	0.9736	0.8822	0.0328
EVI5_exon17	20	0.8962	0.0463	0.8841	0.8236	1.0165	0.8841	0.0463
EVI5_exon18	20	1.1133	0.0496	1.1142	1.0356	1.2393	1.1142	0.0496
EVI5_exon19	20	1.1794	0.0563	1.1798	1.055	1.2982	1.1798	0.0563
EVI5_exon2	20	1.2857	0.0434	1.299	1.204	1.3406	1.299	0.0434
EVI5_exon3	20	0.9364	0.0417	0.9352	0.8587	1.0076	0.9352	0.0417
EVI5_exon4	20	0.6719	0.0424	0.6626	0.6209	0.8157	0.6626	0.0424
EVI5_exon5	20	1.0694	0.0282	1.0683	1.0146	1.141	1.0683	0.0282
EVI5_exon6	20	0.9657	0.0404	0.9736	0.8616	1.0368	0.9736	0.0404
EVI5_exon7	20	1.0387	0.0331	1.0397	0.9779	1.1007	1.0397	0.0331
EVI5_exon8	20	0.5973	0.0572	0.5984	0.5073	0.6875	0.5984	0.0572
EVI5_exon9	20	0.9134	0.0792	0.9276	0.7968	1.0219	0.9276	0.0792
FAF1_exon1	20	1.0294	0.0538	1.0327	0.9069	1.1498	1.0327	0.0538
FAF1_exon10	20	0.8466	0.0333	0.8533	0.7984	0.9084	0.8533	0.0333
FAF1_exon11	20	0.8017	0.0746	0.7751	0.6942	0.9597	0.7751	0.0746
FAF1_exon12	20	1.0911	0.0429	1.0987	0.979	1.1454	1.0987	0.0429
FAF1_exon13	20	1.1288	0.0455	1.1385	1.0519	1.2389	1.1385	0.0455
FAF1_exon14	20	1.0416	0.0419	1.0442	0.9545	1.1183	1.0442	0.0419
FAF1_exon15	20	0.9467	0.0445	0.9439	0.8668	1.0541	0.9439	0.0445
FAF1_exon16	20	0.7373	0.0445	0.7313	0.6872	0.899	0.7313	0.0445
FAF1_exon17	20	0.9709	0.0402	0.9658	0.9158	1.0625	0.9658	0.0402
FAF1_exon18	20	1.094	0.0469	1.0965	0.9762	1.1651	1.0965	0.0469
FAF1_exon19	20	1.3215	0.0644	1.3238	1.193	1.4516	1.3238	0.0644
FAF1_exon2	20	1.3809	0.0398	1.3774	1.282	1.449	1.3774	0.0398
FAF1_exon20	20	0.754	0.0298	0.7513	0.7093	0.8158	0.7513	0.0298
FAF1_exon21	20	0.9397	0.0375	0.9358	0.8849	1.0027	0.9358	0.0375
FAF1_exon22	20	0.6297	0.0626	0.6204	0.543	0.729	0.6204	0.0626
FAF1_exon3	20	1.1369	0.0542	1.1327	1.0437	1.242	1.1327	0.0542
FAF1_exon4	20	1.0163	0.052	1.0146	0.8996	1.1458	1.0146	0.052
FAF1_exon5	20	1.0364	0.0503	1.0404	0.9339	1.1061	1.0404	0.0503
FAF1_exon6	20	0.7453	0.0387	0.737	0.6696	0.8098	0.737	0.0387
FAF1_exon7	20	0.8558	0.0411	0.8659	0.7663	0.9244	0.8659	0.0411
FAF1_exon8	20	1.015	0.0535	1.0182	0.9323	1.1116	1.0182	0.0535
FAF1_exon9	20	1.0327	0.0369	1.0312	0.9653	1.1379	1.0312	0.0369
FAM46C_exon1	20	1.5056	0.0716	1.5041	1.3768	1.6364	1.5041	0.0716
FAM46C_exon2	20	1.5718	0.053900000000000003	1.5775	1.4646	1.6565	1.5775	0.053900000000000003
FANCA_exon1	20	1.1502	0.053900000000000003	1.1539	1.0125	1.2372	1.1539	0.053900000000000003
FANCA_exon10	20	1.2213	0.0625	1.2159	1.0971	1.3355	1.2159	0.0625
FANCA_exon11	20	1.0051	0.0719	1.0282	0.7796	1.0689	1.0282	0.0719
FANCA_exon12	20	1.03	0.0409	1.0361	0.9139	1.1102	1.0361	0.0409
FANCA_exon13	20	1.4068	0.0716	1.4079	1.2188	1.5252	1.4079	0.0716
FANCA_exon14	20	1.0157	0.0435	1.0296	0.8886	1.0741	1.0296	0.0435
FANCA_exon15	20	0.8703	0.0683	0.8906	0.7319	0.9812	0.8906	0.0683
FANCA_exon16	20	1.1736	0.0622	1.1752	1.0471	1.2773	1.1752	0.0622
FANCA_exon17	20	1.1812	0.0443	1.1797	1.0659	1.2877	1.1797	0.0443
FANCA_exon18	20	0.9259	0.0447	0.9261	0.8507	1.0365	0.9261	0.0447
FANCA_exon19	20	0.5066	0.0487	0.4998	0.4405	0.6522	0.4998	0.0487
FANCA_exon2	20	1.1532	0.0464	1.1558	1.0422	1.2209	1.1558	0.0464
FANCA_exon20	20	1.1753	0.047	1.1852	1.0511	1.2581	1.1852	0.047
FANCA_exon21	20	0.8529	0.0447	0.8523	0.7571	0.9487	0.8523	0.0447
FANCA_exon22	20	1.078	0.047	1.0719	1.0096	1.1671	1.0719	0.047
FANCA_exon23	20	0.184	0.0311	0.1823	0.1406	0.2378	0.1823	0.0311
FANCA_exon24	20	1.1021	0.0537	1.1098	0.9684	1.1966	1.1098	0.0537
FANCA_exon25	20	1.3944	0.0543	1.4032	1.2641	1.4749	1.4032	0.0543
FANCA_exon26	20	1.3669	0.0585	1.3699	1.2585	1.4741	1.3699	0.0585
FANCA_exon27	20	1.1643	0.0607	1.1792	1.0297	1.2736	1.1792	0.0607
FANCA_exon28	20	0.999	0.0413	0.9931	0.9335	1.0797	0.9931	0.0413
FANCA_exon29	20	1.1796	0.0612	1.188	1.0273	1.2989	1.188	0.0612
FANCA_exon3	20	1.1231	0.0569	1.1243	0.9894	1.2512	1.1243	0.0569
FANCA_exon30	20	1.1566	0.0437	1.1685	1.0259	1.2111	1.1685	0.0437
FANCA_exon31	20	1.1706	0.0636	1.1773	1.0357	1.2901	1.1773	0.0636
FANCA_exon32	20	1.2978	0.0524	1.3071	1.1673	1.385	1.3071	0.0524
FANCA_exon33	20	1.0786	0.0475	1.0757	0.9476	1.1494	1.0757	0.0475
FANCA_exon34	20	1.2338	0.0407	1.2297	1.1527	1.3015	1.2297	0.0407
FANCA_exon35	20	1.1358	0.0394	1.1326	1.0577	1.2087	1.1326	0.0394
FANCA_exon36	20	0.6006	0.0404	0.5916	0.5259	0.6713	0.5916	0.0404
FANCA_exon37	20	1.1508	0.049	1.1568	1.0404	1.2308	1.1568	0.049
FANCA_exon38	20	1.0944	0.0707	1.089	0.9788	1.2185	1.089	0.0707
FANCA_exon39	20	1.1392	0.0561	1.1368	1.075	1.2608	1.1368	0.0561
FANCA_exon4	20	1.2036	0.0585	1.2039	1.066	1.3454	1.2039	0.0585
FANCA_exon40	20	0.9077	0.0428	0.9028	0.841	0.9973	0.9028	0.0428
FANCA_exon41	20	0.075	0.0211	0.0743	0.0389	0.1076	0.0743	0.0211
FANCA_exon5	20	0.9253	0.0464	0.926	0.7806	1.0179	0.926	0.0464
FANCA_exon6	20	0.9862	0.0643	0.98740000000000006	0.8334	1.0767	0.98740000000000006	0.0643
FANCA_exon7	20	0.8034	0.0384	0.7992	0.7026	0.8718	0.7992	0.0384
FANCA_exon8	20	0.9733	0.0479	0.9751	0.8748	1.0908	0.9751	0.0479
FANCA_exon9	20	0.9787	0.045	0.981	0.8782	1.053	0.981	0.045
FBXO4_exon1	20	0.466	0.0564	0.4554	0.3761	0.5726	0.4554	0.0564
FBXO4_exon2	20	1.0331	0.0381	1.0363	0.9702	1.1301	1.0363	0.0381
FBXO4_exon3	20	0.7211	0.0372	0.7173	0.6623	0.8225	0.7173	0.0372
FBXO4_exon4	20	1.1416	0.0458	1.1438	1.0395	1.2105	1.1438	0.0458
FBXO4_exon5	20	1.2635	0.0622	1.2822	1.0934	1.3388	1.2822	0.0622
FBXO4_exon6	20	0.8051	0.0392	0.7947	0.7428	0.8817	0.7947	0.0392
FBXO4_exon7	20	1.0543	0.0501	1.0529	0.9639	1.1519	1.0529	0.0501
FGFR3_exon1	20	0.3337	0.0713	0.3417	0.1952	0.4435	0.3417	0.0713
FGFR3_exon10	20	1.0499	0.0477	1.0503	0.9845	1.1829	1.0503	0.0477
FGFR3_exon11	20	1.0162	0.0505	1.0002	0.9258	1.1514	1.0002	0.0505
FGFR3_exon12	20	0.8428	0.0451	0.8362	0.7858	0.9676	0.8362	0.0451
FGFR3_exon13	20	1.0666	0.0524	1.0622	0.9792	1.1965	1.0622	0.0524
FGFR3_exon14	20	1.0519	0.0414	1.0583	0.9825	1.1671	1.0583	0.0414
FGFR3_exon15	20	0.75	0.0434	0.7508	0.6834	0.857	0.7508	0.0434
FGFR3_exon16	20	0.4901	0.0418	0.4867	0.4204	0.5982	0.4867	0.0418
FGFR3_exon2	20	0.8477	0.0435	0.8393	0.7515	0.9339	0.8393	0.0435
FGFR3_exon3	20	1.008	0.0633	0.9941	0.9163	1.1577	0.9941	0.0633
FGFR3_exon4	20	0.8328	0.0624	0.84	0.7373	0.9435	0.84	0.0624
FGFR3_exon5	20	0.4814	0.0397	0.4799	0.4159	0.5889	0.4799	0.0397
FGFR3_exon6	20	0.7901	0.056	0.777	0.7146	0.9515	0.777	0.056
FGFR3_exon7	20	0.6243	0.039	0.6176	0.5528	0.7183	0.6176	0.039
FGFR3_exon8	20	0.7586	0.0582	0.7597	0.6688	0.8584	0.7597	0.0582
FGFR3_exon9	20	0.9236	0.053	0.9126	0.8466	1.0881	0.9126	0.053
HIST1H1B_exon1	20	0.7251	0.0538	0.7175	0.618	0.8119	0.7175	0.0538
HIST1H1B_exon2	20	0.6929	0.0423	0.6917	0.6176	0.7661	0.6917	0.0423
HIST1H1B_exon3	20	0.4821	0.0498	0.4876	0.3947	0.5719	0.4876	0.0498
HIST1H1D_exon1	20	0.7278	0.0428	0.7307	0.6412	0.8292	0.7307	0.0428
HIST1H1D_exon2	20	0.5297	0.0691	0.5346	0.4263	0.645	0.5346	0.0691
HIST1H1D_exon3	20	0.5937	0.0608	0.5993	0.4829	0.7066	0.5993	0.0608
HIST1H1D_exon4	20	0.9449	0.026	0.9446	0.8943	0.9967	0.9446	0.026
HIST1H1E_exon1	20	0.7472	0.0382	0.7494	0.6732	0.8129	0.7494	0.0382
HIST1H1E_exon2	20	0.5114	0.0397	0.5122	0.4304	0.5872	0.5122	0.0397
HIST1H4H_exon1	20	1.1904	0.0541	1.1864	1.0763	1.3536	1.1864	0.0541
IDH1_exon1	20	1.1683	0.0286	1.1615	1.1374	1.2472	1.1615	0.0286
IDH1_exon10	20	0.9501	0.0436	0.9459	0.8727	1.0498	0.9459	0.0436
IDH1_exon2	20	0.8812	0.0402	0.8835	0.8006	0.9443	0.8835	0.0402
IDH1_exon3	20	1.1463	0.0343	1.1446	1.0882	1.2127	1.1446	0.0343
IDH1_exon4	20	1.3234	0.056	1.3185	1.2154	1.4171	1.3185	0.056
IDH1_exon5	20	0.9762	0.041	0.9752	0.8843	1.0449	0.9752	0.041
IDH1_exon6	20	1.2757	0.0351	1.2739	1.2226	1.3661	1.2739	0.0351
IDH1_exon7	20	1.1455	0.0406	1.1466	1.0507	1.2203	1.1466	0.0406
IDH1_exon8	20	0.7081	0.0523	0.7094	0.6219	0.7948	0.7094	0.0523
IDH1_exon9	20	1.3467	0.0351	1.3581	1.2566	1.3983	1.3581	0.0351
IDH2_exon1	20	1.1714	0.0636	1.1701	1.0767	1.3294	1.1701	0.0636
IDH2_exon10	20	0.1092	0.0252	0.1127	0.0714	0.1506	0.1127	0.0252
IDH2_exon2	20	1.1562	0.049	1.1542	1.0593	1.2626	1.1542	0.049
IDH2_exon3	20	0.8308	0.061	0.8142	0.7371	1.0014	0.8142	0.061
IDH2_exon4	20	1.2774	0.0616	1.2785	1.1477	1.4661	1.2785	0.0616
IDH2_exon5	20	1.4774	0.0874	1.5012	1.3076	1.6408	1.5012	0.0874
IDH2_exon6	20	1.0246	0.0569	1.0133	0.9433	1.2177	1.0133	0.0569
IDH2_exon7	20	1.2628	0.0703	1.257	1.1143	1.4701	1.257	0.0703
IDH2_exon8	20	1.3009	0.0742	1.304	1.1349	1.5284	1.304	0.0742
IDH2_exon9	20	1.2203	0.0747	1.2477	1.0426	1.3823	1.2477	0.0747
IGLL5_exon1	20	0.4517	0.0408	0.4557	0.381	0.5642	0.4557	0.0408
IGLL5_exon2	20	0.632	0.0535	0.6398	0.462	0.724	0.6398	0.0535
IGLL5_exon3	20	0.6727	0.057	0.683	0.4793	0.7633	0.683	0.057
IGLL5_exon4	20	1.1099	0.0929	1.1059	0.7933	1.2443	1.1059	0.0929
IGLL5_exon5	20	0.9092	0.0839	0.9107	0.618	1.0382	0.9107	0.0839
IGLL5_exon6	20	0.6247	0.0566	0.6275	0.4502	0.7458	0.6275	0.0566
IKZF1_exon1	20	0.9165	0.0432	0.9153	0.822	0.9772	0.9153	0.0432
IKZF1_exon10	20	1.1413	0.0402	1.1371	1.0779	1.2452	1.1371	0.0402
IKZF1_exon11	20	1.1843	0.0318	1.1883	1.1091	1.2428	1.1883	0.0318
IKZF1_exon2	20	1.1304	0.0303	1.1272	1.0725	1.1732	1.1272	0.0303
IKZF1_exon3	20	1.3079	0.0352	1.3048	1.2431	1.371	1.3048	0.0352
IKZF1_exon4	20	1.4741	0.0669	1.4834	1.2997	1.5742	1.4834	0.0669
IKZF1_exon5	20	1.0226	0.0375	1.0173	0.9578	1.0901	1.0173	0.0375
IKZF1_exon6	20	1.2511	0.0297	1.2461	1.199	1.3029	1.2461	0.0297
IKZF1_exon7	20	0.8589	0.0502	0.8634	0.7668	0.9381	0.8634	0.0502
IKZF1_exon8	20	1.0754	0.0416	1.0858	0.9786	1.1315	1.0858	0.0416
IKZF1_exon9	20	1.0891	0.029	1.0847	1.0411	1.1547	1.0847	0.029
IL6ST_exon1	20	1.1332	0.0384	1.1214	1.0605	1.1938	1.1214	0.0384
IL6ST_exon10	20	1.1558	0.0487	1.1603	1.039	1.2199	1.1603	0.0487
IL6ST_exon11	20	1.0389	0.0319	1.0422	0.9687	1.0878	1.0422	0.0319
IL6ST_exon12	20	0.8254	0.0542	0.8124	0.7262	0.9143	0.8124	0.0542
IL6ST_exon13	20	0.8917	0.0386	0.8847	0.8361	0.9586	0.8847	0.0386
IL6ST_exon14	20	1.1418	0.0292	1.1354	1.1053	1.2204	1.1354	0.0292
IL6ST_exon15	20	0.9771	0.047	0.9814	0.8711	1.0451	0.9814	0.047
IL6ST_exon16	20	0.9144	0.0367	0.9101	0.8547	0.9771	0.9101	0.0367
IL6ST_exon17	20	0.9469	0.0418	0.9555	0.8659	1.0213	0.9555	0.0418
IL6ST_exon18	20	0.9961	0.0338	0.9979	0.938	1.0524	0.9979	0.0338
IL6ST_exon19	20	1.1595	0.0364	1.1657	1.0654	1.2064	1.1657	0.0364
IL6ST_exon2	20	1.5189	0.0551	1.5213	1.4128	1.6007	1.5213	0.0551
IL6ST_exon20	20	1.1722	0.0398	1.1611	1.113	1.2583	1.1611	0.0398
IL6ST_exon21	20	0.7155	0.0508	0.7118	0.5899	0.8288	0.7118	0.0508
IL6ST_exon22	20	0.9571	0.0417	0.9491	0.8937	1.0724	0.9491	0.0417
IL6ST_exon3	20	1.1382	0.0447	1.1371	1.0549	1.235	1.1371	0.0447
IL6ST_exon4	20	1.1491	0.047	1.1493	1.0248	1.2105	1.1493	0.047
IL6ST_exon5	20	0.8176	0.1028	0.8181	0.6524	1.0033	0.8181	0.1028
IL6ST_exon6	20	0.8763	0.068	0.8644	0.7336	0.9979	0.8644	0.068
IL6ST_exon7	20	0.8579	0.0345	0.8544	0.7806	0.9278	0.8544	0.0345
IL6ST_exon8	20	0.7666	0.0474	0.7523	0.7106	0.9193	0.7523	0.0474
IL6ST_exon9	20	0.8254	0.0375	0.813	0.7675	0.9348	0.813	0.0375
IRF4_exon1	20	0.5957	0.0789	0.6102	0.4485	0.7002	0.6102	0.0789
IRF4_exon10	20	0.8157	0.0385	0.8115	0.7699	0.9432	0.8115	0.0385
IRF4_exon11	20	1.0208	0.0411	1.0113	0.9511	1.136	1.0113	0.0411
IRF4_exon2	20	1.2001	0.0589	1.1838	1.1128	1.3613	1.1838	0.0589
IRF4_exon3	20	0.9484	0.0472	0.9481	0.878	1.0644	0.9481	0.0472
IRF4_exon4	20	1.1902	0.056	1.1819	1.1045	1.3592	1.1819	0.056
IRF4_exon5	20	1.253	0.0701	1.2345	1.136	1.389	1.2345	0.0701
IRF4_exon6	20	0.9847	0.0468	0.9841	0.8979	1.097	0.9841	0.0468
IRF4_exon7	20	1.4181	0.0756	1.4188	1.2954	1.5879	1.4188	0.0756
IRF4_exon8	20	1.2292	0.0665	1.2253	1.141	1.4395	1.2253	0.0665
IRF4_exon9	20	1.1328	0.0509	1.1199	1.0881	1.318	1.1199	0.0509
KDM6A_exon1	20	0.1804	0.0601	0.144	0.1134	0.2847	0.144	0.0601
KDM6A_exon10	20	0.7876	0.2188	0.6298	0.5886	1.101	0.6298	0.2188
KDM6A_exon11	20	0.7149	0.2019	0.5871	0.5076	1.0386	0.5871	0.2019
KDM6A_exon12	20	0.662	0.1878	0.5397	0.4793	0.9512	0.5397	0.1878
KDM6A_exon13	20	0.8061	0.2377	0.6383	0.5821	1.1554	0.6383	0.2377
KDM6A_exon14	20	0.796	0.2295	0.6429	0.572	1.1198	0.6429	0.2295
KDM6A_exon15	20	0.5775	0.1706	0.4779	0.409	0.8573	0.4779	0.1706
KDM6A_exon16	20	0.8092	0.2275	0.6559	0.5857	1.1974	0.6559	0.2275
KDM6A_exon17	20	0.4709	0.1338	0.403	0.3178	0.7116	0.403	0.1338
KDM6A_exon18	20	0.6478	0.1905	0.5236	0.4525	0.9368	0.5236	0.1905
KDM6A_exon19	20	0.9131	0.2686	0.737	0.6332	1.3064	0.737	0.2686
KDM6A_exon2	20	0.5467	0.1628	0.4835	0.3372	0.8667	0.4835	0.1628
KDM6A_exon20	20	1.0309	0.3044	0.8163	0.6939	1.4539	0.8163	0.3044
KDM6A_exon21	20	0.5793	0.1623	0.4936	0.4033	0.8553	0.4936	0.1623
KDM6A_exon22	20	0.3903	0.1215	0.3573	0.2145	0.6248	0.3573	0.1215
KDM6A_exon23	20	0.615	0.1723	0.5048	0.4517	0.8561	0.5048	0.1723
KDM6A_exon24	20	0.7907	0.2155	0.6648	0.5358	1.1078	0.6648	0.2155
KDM6A_exon25	20	0.6649	0.1962	0.5451	0.4482	0.9588	0.5451	0.1962
KDM6A_exon26	20	0.7795	0.2257	0.6431	0.5419	1.1633	0.6431	0.2257
KDM6A_exon27	20	0.8892	0.2593	0.7147	0.6168	1.2657	0.7147	0.2593
KDM6A_exon28	20	0.6447	0.1754	0.5324	0.4777	0.9048	0.5324	0.1754
KDM6A_exon29	20	0.7443	0.2029	0.6193	0.5497	1.0787	0.6193	0.2029
KDM6A_exon3	20	0.5241	0.1705	0.4148	0.3393	0.7651	0.4148	0.1705
KDM6A_exon30	20	0.8125	0.2405	0.6649	0.5851	1.1655	0.6649	0.2405
KDM6A_exon31	20	0.8311	0.2424	0.6831	0.5851	1.185	0.6831	0.2424
KDM6A_exon32	20	0.6743	0.202	0.5544	0.447	0.979	0.5544	0.202
KDM6A_exon33	20	0.9136	0.256	0.7574	0.6476	1.2953	0.7574	0.256
KDM6A_exon34	20	0.8277	0.2382	0.6957	0.5761	1.1981	0.6957	0.2382
KDM6A_exon4	20	0.8537	0.2707	0.7041	0.5224	1.2245	0.7041	0.2707
KDM6A_exon5	20	0.8146	0.2447	0.6585	0.5343	1.1801	0.6585	0.2447
KDM6A_exon6	20	0.7703	0.2276	0.6254	0.5018	1.1063	0.6254	0.2276
KDM6A_exon7	20	0.7269	0.222	0.604	0.4553	1.0599	0.604	0.222
KDM6A_exon8	20	0.8439	0.2448	0.6947	0.5955	1.1957	0.6947	0.2448
KDM6A_exon9	20	0.7993	0.221	0.6767	0.5409	1.1273	0.6767	0.221
KMT2B_exon1	20	0.0252	0.007	0.0266	0.012	0.0376	0.0266	0.007
KMT2B_exon10	20	0.9761	0.0653	0.9619	0.9061	1.1968	0.9619	0.0653
KMT2B_exon11	20	1.0651	0.0618	1.0499	0.9703	1.2521	1.0499	0.0618
KMT2B_exon12	20	1.1358	0.065	1.1192	1.0717	1.349	1.1192	0.065
KMT2B_exon13	20	0.7664	0.0647	0.7579	0.6325	0.9182	0.7579	0.0647
KMT2B_exon14	20	0.8904	0.0519	0.8802	0.8181	1.0103	0.8802	0.0519
KMT2B_exon15	20	1.0865	0.0821	1.0703	0.9713	1.2693	1.0703	0.0821
KMT2B_exon16	20	1.3991	0.0666	1.3993	1.2487	1.566	1.3993	0.0666
KMT2B_exon17	20	0.9869	0.045	0.9865	0.9294	1.0924	0.9865	0.045
KMT2B_exon18	20	1.0267	0.0507	1.0186	0.929	1.1593	1.0186	0.0507
KMT2B_exon19	20	1.2439	0.0664	1.2358	1.1545	1.4659	1.2358	0.0664
KMT2B_exon2	20	0.4203	0.0478	0.4237	0.3197	0.5237	0.4237	0.0478
KMT2B_exon20	20	1.0464	0.0476	1.0412	0.9889	1.2073	1.0412	0.0476
KMT2B_exon21	20	1.499	0.0742	1.4911	1.358	1.6907	1.4911	0.0742
KMT2B_exon22	20	1.3204	0.0628	1.308	1.2419	1.527	1.308	0.0628
KMT2B_exon23	20	1.3366	0.0608	1.3398	1.2395	1.5051	1.3398	0.0608
KMT2B_exon24	20	1.3063	0.0575	1.2892	1.2469	1.4886	1.2892	0.0575
KMT2B_exon25	20	0.9986	0.0514	0.9957	0.9372	1.1694	0.9957	0.0514
KMT2B_exon26	20	1.013	0.0496	1.0097	0.9484	1.1573	1.0097	0.0496
KMT2B_exon27	20	1.2248000000000001	0.0577	1.21	1.1737	1.4142	1.21	0.0577
KMT2B_exon28	20	1.3525	0.0728	1.3325	1.2562	1.5989	1.3325	0.0728
KMT2B_exon29	20	1.1639	0.0534	1.1728	1.0118	1.2485	1.1728	0.0534
KMT2B_exon3	20	0.6606	0.0387	0.6579	0.6009	0.7491	0.6579	0.0387
KMT2B_exon4	20	1.2204	0.0827	1.215	1.0873	1.4297	1.215	0.0827
KMT2B_exon5	20	1.06	0.1052	1.0601	0.8971	1.2945	1.0601	0.1052
KMT2B_exon6	20	0.9101	0.0535	0.9048	0.8308	1.0762	0.9048	0.0535
KMT2B_exon7	20	1.3303	0.0725	1.31	1.168	1.5311	1.31	0.0725
KMT2B_exon8	20	1.4299	0.0688	1.4293	1.2525	1.5752	1.4293	0.0688
KMT2B_exon9	20	1.3922	0.0713	1.3842	1.2607	1.5854	1.3842	0.0713
KRAS_exon1	20	0.9147	0.0398	0.9052	0.8596	1.028	0.9052	0.0398
KRAS_exon2	20	0.8607	0.032	0.86	0.8118	0.9238	0.86	0.032
KRAS_exon3	20	1.0369	0.0401	1.0394	0.9603	1.1031	1.0394	0.0401
KRAS_exon4	20	0.9801	0.0352	0.9743	0.911	1.0351	0.9743	0.0352
KRAS_exon5	20	0.7666	0.0416	0.7599	0.7044	0.8862	0.7599	0.0416
KRAS_exon6	20	1.0693	0.0319	1.0767	1.0115	1.1121	1.0767	0.0319
KRAS_exon7	20	1.0148	0.0444	1.0178	0.9065	1.1012	1.0178	0.0444
LEMD2_exon1	20	0.8095	0.0437	0.8128	0.7397	0.8917	0.8128	0.0437
LEMD2_exon2	20	1.208	0.0381	1.2144	1.1354	1.2989	1.2144	0.0381
LEMD2_exon3	20	1.0861	0.0304	1.0971	1.0118	1.1345	1.0971	0.0304
LEMD2_exon4	20	1.2932	0.0479	1.2986	1.2067	1.3614	1.2986	0.0479
LEMD2_exon5	20	0.9696	0.0432	0.9673	0.9114	1.0485	0.9673	0.0432
LEMD2_exon6	20	0.7718	0.0363	0.7688	0.7033	0.883	0.7688	0.0363
LEMD2_exon7	20	1.1224	0.0446	1.1208	1.0398	1.2355	1.1208	0.0446
LEMD2_exon8	20	0.1776	0.0313	0.1832	0.1262	0.2227	0.1832	0.0313
LTB_exon1	20	0.6848	0.0424	0.6816	0.6251	0.7544	0.6816	0.0424
LTB_exon2	20	0.8574	0.0346	0.8515	0.801	0.9231	0.8515	0.0346
LTB_exon3	20	1.0273	0.045	1.0157	0.9526	1.127	1.0157	0.045
LTB_exon4	20	0.7973	0.0349	0.79990000000000006	0.7357	0.8645	0.79990000000000006	0.0349
MAX_exon1	20	1.0334	0.071	1.0526	0.94	1.1879	1.0526	0.071
MAX_exon10	20	1.0822	0.0503	1.087	0.9677	1.1426	1.087	0.0503
MAX_exon2	20	1.0175	0.0278	1.0199	0.9693	1.0667	1.0199	0.0278
MAX_exon3	20	1.1554	0.037	1.1549	1.0835	1.205	1.1549	0.037
MAX_exon4	20	1.0699	0.0398	1.071	0.9997	1.1388	1.071	0.0398
MAX_exon5	20	1.1163	0.0431	1.1159	1.0255	1.2036	1.1159	0.0431
MAX_exon6	20	1.3935	0.0504	1.4087	1.3075	1.4658	1.4087	0.0504
MAX_exon7	20	1.3833	0.0464	1.3867	1.3071	1.4642	1.3867	0.0464
MAX_exon8	20	0.6426	0.0671	0.6373	0.5052	0.7607	0.6373	0.0671
MAX_exon9	20	0.4246	0.0734	0.4456	0.3221	0.5494	0.4456	0.0734
MYC_exon1	20	0.9155	0.03	0.9159	0.8562	0.978	0.9159	0.03
MYC_exon2	20	0.9876	0.0466	0.9853	0.9047	1.0743	0.9853	0.0466
MYC_exon3	20	0.9373	0.045	0.9323	0.8692	1.0438	0.9323	0.045
MYC_exon4	20	1.1659	0.0416	1.1662	1.093	1.244	1.1662	0.0416
MYD88_exon1	20	1.0352	0.0391	1.0354	0.9752	1.1273	1.0354	0.0391
MYD88_exon2	20	1.3193	0.0505	1.3134	1.235	1.4092	1.3134	0.0505
MYD88_exon3	20	1.4964	0.0522	1.4898	1.4002	1.6036	1.4898	0.0522
MYD88_exon4	20	1.6493	0.0668	1.6409	1.5645	1.7921	1.6409	0.0668
MYD88_exon5	20	1.4567	0.0531	1.4477	1.3753	1.5506	1.4477	0.0531
NF1_exon1	20	0.6582	0.0501	0.6761	0.5667	0.7136	0.6761	0.0501
NF1_exon10	20	0.6867	0.0427	0.6785	0.608	0.7818	0.6785	0.0427
NF1_exon11	20	0.66	0.0544	0.6508	0.588	0.7937	0.6508	0.0544
NF1_exon12	20	1.1079	0.0684	1.0997	0.959	1.312	1.0997	0.0684
NF1_exon13	20	0.4421	0.0448	0.4394	0.3797	0.5596	0.4394	0.0448
NF1_exon14	20	1.0516	0.0555	1.0545	0.9523	1.1847	1.0545	0.0555
NF1_exon15	20	0.2636	0.0308	0.2605	0.2155	0.3326	0.2605	0.0308
NF1_exon16	20	1.0261	0.0618	1.0175	0.9503	1.2135	1.0175	0.0618
NF1_exon17	20	0.815	0.0472	0.8108	0.7444	0.9427	0.8108	0.0472
NF1_exon18	20	1.1477	0.0765	1.1383	0.9812	1.328	1.1383	0.0765
NF1_exon19	20	1.2644	0.0796	1.2506	1.0529	1.4301	1.2506	0.0796
NF1_exon2	20	0.809	0.0529	0.79990000000000006	0.7352	0.9528	0.79990000000000006	0.0529
NF1_exon20	20	0.8425	0.0552	0.8334	0.7293	0.9759	0.8334	0.0552
NF1_exon21	20	1.1413	0.0643	1.1335	1.0002	1.3171	1.1335	0.0643
NF1_exon22	20	0.5096	0.0316	0.4999	0.4656	0.578	0.4999	0.0316
NF1_exon23	20	1.0295	0.0562	1.0198	0.9385	1.2075	1.0198	0.0562
NF1_exon24	20	1.1982	0.057	1.1931	1.1109	1.357	1.1931	0.057
NF1_exon25	20	1.0152	0.0568	1	0.9347	1.202	1	0.0568
NF1_exon26	20	0.9762	0.0602	0.9671	0.8861	1.1623000000000001	0.9671	0.0602
NF1_exon27	20	1.0566	0.0858	1.0327	0.8926	1.3124	1.0327	0.0858
NF1_exon28	20	1.3431	0.0736	1.343	1.2095	1.5637	1.343	0.0736
NF1_exon29	20	1.408	0.0775	1.4041	1.235	1.6483	1.4041	0.0775
NF1_exon3	20	1.0046	0.0359	0.9903	0.9688	1.1266	0.9903	0.0359
NF1_exon30	20	0.7844	0.052	0.7738	0.726	0.9412	0.7738	0.052
NF1_exon31	20	0.9042	0.0488	0.8983	0.812	1.0564	0.8983	0.0488
NF1_exon32	20	0.9517	0.0464	0.9416	0.899	1.1152	0.9416	0.0464
NF1_exon33	20	0.6857	0.0679	0.685	0.59	0.8134	0.685	0.0679
NF1_exon34	20	0.9691	0.0513	0.9636	0.8812	1.121	0.9636	0.0513
NF1_exon35	20	0.8185	0.0369	0.8166	0.7642	0.9382	0.8166	0.0369
NF1_exon36	20	1.0091	0.0488	1.0088	0.9023	1.1181	1.0088	0.0488
NF1_exon37	20	0.9916	0.0577	0.9836	0.878	1.1215	0.9836	0.0577
NF1_exon38	20	0.9013	0.042	0.8987	0.8204	0.9992	0.8987	0.042
NF1_exon39	20	1.1377	0.0835	1.1317	1.0036	1.4097	1.1317	0.0835
NF1_exon4	20	1.033	0.0468	1.0242	0.9656	1.174	1.0242	0.0468
NF1_exon40	20	1.3195	0.0583	1.3098	1.223	1.5347	1.3098	0.0583
NF1_exon41	20	1.2636	0.0513	1.2565	1.1793	1.4336	1.2565	0.0513
NF1_exon42	20	0.7924	0.0581	0.7768	0.7096	0.97	0.7768	0.0581
NF1_exon43	20	1.0738	0.0725	1.0566	0.9856	1.2837	1.0566	0.0725
NF1_exon44	20	1.1204	0.0604	1.1094	1.037	1.308	1.1094	0.0604
NF1_exon45	20	0.94	0.0602	0.9337	0.8689	1.1392	0.9337	0.0602
NF1_exon46	20	1.0963	0.0685	1.081	1.0065	1.3286	1.081	0.0685
NF1_exon47	20	0.8571	0.0518	0.8444	0.7893	1.0311	0.8444	0.0518
NF1_exon48	20	1.1445	0.0687	1.1242	1.0567	1.3818	1.1242	0.0687
NF1_exon49	20	1.0844	0.0617	1.0696	1.0193	1.2982	1.0696	0.0617
NF1_exon5	20	0.8733	0.0466	0.8687	0.8246	1.0124	0.8687	0.0466
NF1_exon50	20	0.9537	0.0574	0.9454	0.8829	1.1393	0.9454	0.0574
NF1_exon51	20	1.1025	0.0723	1.112	0.9679	1.2916	1.112	0.0723
NF1_exon52	20	0.8826	0.0599	0.8764	0.7812	1.0339	0.8764	0.0599
NF1_exon53	20	1.2272	0.0542	1.2209	1.1231	1.362	1.2209	0.0542
NF1_exon54	20	1.2403	0.0682	1.2416	1.1576	1.467	1.2416	0.0682
NF1_exon55	20	1.243	0.0601	1.2461	1.1651	1.4608	1.2461	0.0601
NF1_exon56	20	0.7114	0.0485	0.6984	0.652	0.8329	0.6984	0.0485
NF1_exon57	20	0.9962	0.0633	0.9889	0.8666	1.1696	0.9889	0.0633
NF1_exon58	20	1.2068	0.067	1.2103	1.0743	1.4244	1.2103	0.067
NF1_exon59	20	1.1203	0.0532	1.1211	1.0429	1.3051	1.1211	0.0532
NF1_exon6	20	0.8169	0.055	0.804	0.7493	0.9783	0.804	0.055
NF1_exon60	20	1.0689	0.0489	1.0711	0.9864	1.2015	1.0711	0.0489
NF1_exon61	20	1.0379	0.0637	1.0246	0.9325	1.2318	1.0246	0.0637
NF1_exon62	20	1.0408	0.0455	1.0333	0.9843	1.1906	1.0333	0.0455
NF1_exon63	20	1.1289	0.0574	1.1209	1.0543	1.3002	1.1209	0.0574
NF1_exon64	20	1.0083	0.0515	1.0002	0.922	1.1072	1.0002	0.0515
NF1_exon65	20	0.7865	0.0565	0.7814	0.7147	0.959	0.7814	0.0565
NF1_exon66	20	0.7372	0.0552	0.7224	0.6698	0.858	0.7224	0.0552
NF1_exon67	20	1.0861	0.051	1.0785	1.0136	1.2182	1.0785	0.051
NF1_exon7	20	0.8716	0.0879	0.86240000000000006	0.6979	1.0973	0.86240000000000006	0.0879
NF1_exon8	20	1.1713	0.0559	1.1591	1.0621	1.3582	1.1591	0.0559
NF1_exon9	20	0.7249	0.0475	0.729	0.6086	0.8123	0.729	0.0475
NFKB1_exon1	20	1.05	0.0567	1.0449	0.9643	1.2122	1.0449	0.0567
NFKB1_exon10	20	1.1853	0.0466	1.1962	1.0897	1.2621	1.1962	0.0466
NFKB1_exon11	20	1.078	0.0378	1.0808	1.0136	1.1485	1.0808	0.0378
NFKB1_exon12	20	0.8271	0.0511	0.8231	0.7403	0.9922	0.8231	0.0511
NFKB1_exon13	20	0.956	0.0529	0.9582	0.8405	1.0532	0.9582	0.0529
NFKB1_exon14	20	0.9933	0.0417	0.987	0.9227	1.0557	0.987	0.0417
NFKB1_exon15	20	1.2739	0.0564	1.2876	1.1584	1.3738	1.2876	0.0564
NFKB1_exon16	20	1.371	0.0622	1.3784	1.2519	1.4822	1.3784	0.0622
NFKB1_exon17	20	0.9444	0.0311	0.9504	0.8639	0.9992	0.9504	0.0311
NFKB1_exon18	20	0.7755	0.0355	0.7698	0.7244	0.8737	0.7698	0.0355
NFKB1_exon19	20	1.1535	0.0387	1.1412	1.0919	1.2319	1.1412	0.0387
NFKB1_exon2	20	1.0677	0.0478	1.0752	0.991	1.1471	1.0752	0.0478
NFKB1_exon20	20	1.2805	0.0334	1.2876	1.2063	1.3486	1.2876	0.0334
NFKB1_exon21	20	0.991	0.0474	0.9984	0.9016	1.086	0.9984	0.0474
NFKB1_exon22	20	1.1804	0.0275	1.1848	1.1259	1.2292	1.1848	0.0275
NFKB1_exon23	20	1.0605	0.0428	1.0574	0.9686	1.1467	1.0574	0.0428
NFKB1_exon24	20	1.1122	0.0497	1.107	1.0159	1.2185	1.107	0.0497
NFKB1_exon25	20	1.0082	0.0415	1.0158	0.9271	1.0785	1.0158	0.0415
NFKB1_exon3	20	0.9628	0.0367	0.9675	0.9015	1.0484	0.9675	0.0367
NFKB1_exon4	20	0.8732	0.0454	0.8718	0.798	0.9744	0.8718	0.0454
NFKB1_exon5	20	0.9227	0.0436	0.9247	0.8548	1.006	0.9247	0.0436
NFKB1_exon6	20	1.4219	0.0656	1.4174	1.3293	1.551	1.4174	0.0656
NFKB1_exon7	20	1.258	0.0628	1.2634	1.1573	1.3476	1.2634	0.0628
NFKB1_exon8	20	1.1274	0.035	1.1244	1.0577	1.1869	1.1244	0.035
NFKB1_exon9	20	0.8672	0.0489	0.8657	0.8035	0.9888	0.8657	0.0489
NFKB2_exon1	20	0.7498	0.0337	0.7535	0.6769	0.8425	0.7535	0.0337
NFKB2_exon10	20	0.4667	0.0403	0.4651	0.3944	0.5379	0.4651	0.0403
NFKB2_exon11	20	0.695	0.0506	0.6988	0.584	0.7634	0.6988	0.0506
NFKB2_exon12	20	1.173	0.0545	1.1762	1.0954	1.3015	1.1762	0.0545
NFKB2_exon13	20	1.1491	0.0378	1.1408	1.0955	1.253	1.1408	0.0378
NFKB2_exon14	20	1.1386	0.0316	1.1374	1.0956	1.2122	1.1374	0.0316
NFKB2_exon15	20	1.072	0.0375	1.074	0.9879	1.1353	1.074	0.0375
NFKB2_exon16	20	1.0222	0.0693	1.0435	0.8642	1.1133	1.0435	0.0693
NFKB2_exon2	20	0.886	0.0296	0.8798	0.8307	0.9404	0.8798	0.0296
NFKB2_exon3	20	1.2981	0.0598	1.2905	1.1779	1.3959	1.2905	0.0598
NFKB2_exon4	20	1.2319	0.0426	1.2261	1.1769	1.3171	1.2261	0.0426
NFKB2_exon5	20	1.151	0.0487	1.1576	1.0467	1.2259	1.1576	0.0487
NFKB2_exon6	20	1.4576	0.065	1.4469	1.3172	1.5685	1.4469	0.065
NFKB2_exon7	20	1.2225	0.0365	1.2207	1.1692	1.2856	1.2207	0.0365
NFKB2_exon8	20	1.3247	0.0496	1.3261	1.1916	1.401	1.3261	0.0496
NFKB2_exon9	20	0.8772	0.036	0.866	0.8099	0.951	0.866	0.036
NFKBIA_exon1	20	0.7771	0.056	0.7756	0.6836	0.8753	0.7756	0.056
NFKBIA_exon2	20	1.001	0.0415	0.9992	0.906	1.0898	0.9992	0.0415
NFKBIA_exon3	20	1.2891	0.0522	1.2758	1.2084	1.4048	1.2758	0.0522
NFKBIA_exon4	20	1.1258	0.0509	1.1157	1.0409	1.1996	1.1157	0.0509
NFKBIA_exon5	20	1.3166	0.0462	1.3212	1.2034	1.3841	1.3212	0.0462
NFKBIA_exon6	20	1.1983	0.0436	1.1966	1.1219	1.2958	1.1966	0.0436
NFKBIA_exon7	20	0.3205	0.0395	0.3255	0.2522	0.3964	0.3255	0.0395
NOTCH2_exon1	20	1.5599	0.0666	1.5618	1.442	1.6785	1.5618	0.0666
NOTCH2_exon10	20	1.0326	0.0531	1.0247	0.9458	1.1601	1.0247	0.0531
NOTCH2_exon11	20	1.2692	0.0554	1.2705	1.1426	1.38	1.2705	0.0554
NOTCH2_exon12	20	1.2094	0.0414	1.2184	1.1022	1.2749	1.2184	0.0414
NOTCH2_exon13	20	1.3032	0.0552	1.3084	1.1785	1.3993	1.3084	0.0552
NOTCH2_exon14	20	1.062	0.0559	1.0628	0.9887	1.166	1.0628	0.0559
NOTCH2_exon15	20	1.2773	0.0445	1.2903	1.1908	1.3506	1.2903	0.0445
NOTCH2_exon16	20	1.0806	0.0395	1.0724	1.0279	1.1695	1.0724	0.0395
NOTCH2_exon17	20	1.0297	0.0282	1.0329	0.9548	1.0766	1.0329	0.0282
NOTCH2_exon18	20	1.4474	0.059	1.4311	1.325	1.548	1.4311	0.059
NOTCH2_exon19	20	1.2043	0.0509	1.1887	1.1378	1.3045	1.1887	0.0509
NOTCH2_exon2	20	1.0038	0.0419	0.9941	0.9285	1.0758	0.9941	0.0419
NOTCH2_exon20	20	1.159	0.0594	1.1696	1.0503	1.2752	1.1696	0.0594
NOTCH2_exon21	20	0.7936	0.0442	0.8032	0.7318	0.8926	0.8032	0.0442
NOTCH2_exon22	20	1.2485	0.0665	1.2488	1.0924	1.3652	1.2488	0.0665
NOTCH2_exon23	20	1.0544	0.0456	1.0666	0.9688	1.1545	1.0666	0.0456
NOTCH2_exon24	20	1.2909	0.0614	1.3119	1.166	1.3991	1.3119	0.0614
NOTCH2_exon25	20	1.2074	0.0393	1.215	1.1422	1.2932	1.215	0.0393
NOTCH2_exon26	20	1.2498	0.0456	1.2614	1.1497	1.3268	1.2614	0.0456
NOTCH2_exon27	20	1.0755	0.0524	1.095	0.9375	1.1514	1.095	0.0524
NOTCH2_exon28	20	1.2757	0.0734	1.2713	1.14	1.3714	1.2713	0.0734
NOTCH2_exon29	20	1.0561	0.0526	1.0658	0.9586	1.134	1.0658	0.0526
NOTCH2_exon3	20	1.0865	0.0413	1.0907	1.0108	1.1617	1.0907	0.0413
NOTCH2_exon30	20	1.2785	0.0567	1.2946	1.1225	1.3505	1.2946	0.0567
NOTCH2_exon31	20	1.2977	0.0633	1.2951	1.1961	1.3825	1.2951	0.0633
NOTCH2_exon32	20	1.2247	0.0644	1.2328	1.0906	1.3374	1.2328	0.0644
NOTCH2_exon33	20	1.4063	0.0608	1.4058	1.2627	1.5066	1.4058	0.0608
NOTCH2_exon34	20	1.2143	0.0697	1.2198	1.1282	1.3419	1.2198	0.0697
NOTCH2_exon35	20	1.2997	0.0356	1.3027	1.2502	1.3824	1.3027	0.0356
NOTCH2_exon36	20	1.3323	0.0629	1.3312	1.1947	1.427	1.3312	0.0629
NOTCH2_exon37	20	1.3429	0.0639	1.3428	1.2231	1.4668	1.3428	0.0639
NOTCH2_exon38	20	1.1767	0.0614	1.1657	1.0615	1.3094	1.1657	0.0614
NOTCH2_exon39	20	1.1709	0.0621	1.1842	1.0523	1.2555	1.1842	0.0621
NOTCH2_exon4	20	0.9776	0.0554	0.9763	0.8678	1.0947	0.9763	0.0554
NOTCH2_exon40	20	1.0346	0.0405	1.0306	0.9468	1.1028	1.0306	0.0405
NOTCH2_exon41	20	1.9025	0.2695	2.0007	1.1792	2.1304	2.0007	0.2695
NOTCH2_exon42	20	1.1113	0.0468	1.1109	1.0127	1.1832	1.1109	0.0468
NOTCH2_exon43	20	0.8699	0.0305	0.8654	0.8217	0.9323	0.8654	0.0305
NOTCH2_exon44	20	0.6097	0.11	0.6106	0.3083	0.7768	0.6106	0.11
NOTCH2_exon45	20	0.784	0.1932	0.7658	0.3338	1.1147	0.7658	0.1932
NOTCH2_exon5	20	0.9258	0.0441	0.9286	0.8376	1.0068	0.9286	0.0441
NOTCH2_exon6	20	1.3382	0.0522	1.3527	1.2121	1.4151	1.3527	0.0522
NOTCH2_exon7	20	1.3681	0.0447	1.3766	1.2602	1.4497	1.3766	0.0447
NOTCH2_exon8	20	1.09	0.0363	1.0869	1.0366	1.1661	1.0869	0.0363
NOTCH2_exon9	20	1.2924	0.0504	1.2958	1.1831	1.3888	1.2958	0.0504
NRAS_exon1	20	1.0189	0.0473	1.0232	0.8845	1.0789	1.0232	0.0473
NRAS_exon2	20	1.1331	0.0383	1.1245	1.076	1.2282	1.1245	0.0383
NRAS_exon3	20	1.0707	0.0491	1.0657	0.9816	1.1553	1.0657	0.0491
NRAS_exon4	20	0.9429	0.0402	0.9463	0.86240000000000006	1.0259	0.9463	0.0402
PIK3CA_exon1	20	1.21	0.0667	1.2075	1.0977	1.4464	1.2075	0.0667
PIK3CA_exon10	20	0.739	0.0462	0.7402	0.6573	0.8664	0.7402	0.0462
PIK3CA_exon11	20	0.8129	0.0636	0.8085	0.7227	0.9679	0.8085	0.0636
PIK3CA_exon12	20	0.7251	0.0452	0.7201	0.6391	0.8189	0.7201	0.0452
PIK3CA_exon13	20	0.8265	0.0453	0.817	0.7786	0.9768	0.817	0.0453
PIK3CA_exon14	20	0.9624	0.0417	0.9584	0.8962	1.0908	0.9584	0.0417
PIK3CA_exon15	20	1.2215	0.053900000000000003	1.221	1.1564	1.4033	1.221	0.053900000000000003
PIK3CA_exon16	20	1.0791	0.0674	1.0735	0.9296	1.215	1.0735	0.0674
PIK3CA_exon17	20	1.0938	0.0524	1.0828	1.0183	1.2823	1.0828	0.0524
PIK3CA_exon18	20	1.1166	0.0785	1.1104	1.0127	1.3866	1.1104	0.0785
PIK3CA_exon19	20	1.2248000000000001	0.0521	1.218	1.1563	1.3893	1.218	0.0521
PIK3CA_exon2	20	0.9757	0.0571	0.9711	0.8854	1.1649	0.9711	0.0571
PIK3CA_exon3	20	1.2816	0.0585	1.2682	1.207	1.4489	1.2682	0.0585
PIK3CA_exon4	20	1.053	0.0527	1.0516	0.9479	1.2311	1.0516	0.0527
PIK3CA_exon5	20	0.9359	0.0473	0.9358	0.8459	1.0517	0.9358	0.0473
PIK3CA_exon6	20	0.7593	0.0419	0.7435	0.7063	0.8945	0.7435	0.0419
PIK3CA_exon7	20	1.1908	0.0612	1.1864	1.0457	1.3795	1.1864	0.0612
PIK3CA_exon8	20	0.9778	0.0542	0.9666	0.8823	1.1435	0.9666	0.0542
PIK3CA_exon9	20	1.0615	0.0515	1.0498	0.9922	1.1999	1.0498	0.0515
PRDM1_exon1	20	0.6625	0.0439	0.6494	0.5987	0.7633	0.6494	0.0439
PRDM1_exon10	20	1.1497	0.0668	1.1426	1.0406	1.2462	1.1426	0.0668
PRDM1_exon11	20	1.282	0.0394	1.2752	1.2213	1.3597	1.2752	0.0394
PRDM1_exon12	20	1.1343	0.0332	1.1283	1.0787	1.1831	1.1283	0.0332
PRDM1_exon2	20	0.7873	0.0295	0.788	0.7378	0.8422	0.788	0.0295
PRDM1_exon3	20	1.2589	0.0589	1.2387	1.1873	1.3605	1.2387	0.0589
PRDM1_exon4	20	1.1247	0.033	1.1249	1.0428	1.1777	1.1249	0.033
PRDM1_exon5	20	1.2321	0.0351	1.237	1.167	1.2844	1.237	0.0351
PRDM1_exon6	20	1.175	0.0543	1.1839	1.0697	1.269	1.1839	0.0543
PRDM1_exon7	20	1.2047	0.0612	1.2119	1.0867	1.3248	1.2119	0.0612
PRDM1_exon8	20	1.1756	0.0295	1.1747	1.1052	1.2325	1.1747	0.0295
PRDM1_exon9	20	1.1931	0.028	1.1885	1.138	1.2618	1.1885	0.028
PRKD2_exon1	20	1.1992	0.0591	1.2066	1.0797	1.3166	1.2066	0.0591
PRKD2_exon10	20	1.2035	0.0689	1.1854	1.1376	1.4416	1.1854	0.0689
PRKD2_exon11	20	1.4531	0.0745	1.434	1.3816	1.7256	1.434	0.0745
PRKD2_exon12	20	1.1983	0.0651	1.1893	1.1431	1.4479	1.1893	0.0651
PRKD2_exon13	20	0.9789	0.0661	0.9832	0.8851	1.194	0.9832	0.0661
PRKD2_exon14	20	1.3331	0.0708	1.3226	1.2386	1.5831	1.3226	0.0708
PRKD2_exon15	20	0.8128	0.0864	0.8019	0.6964	1.0399	0.8019	0.0864
PRKD2_exon16	20	1.3778	0.0782	1.356	1.2918	1.6384	1.356	0.0782
PRKD2_exon17	20	1.2991	0.0873	1.2907	1.1705	1.5952	1.2907	0.0873
PRKD2_exon18	20	1.3922	0.0848	1.3738	1.257	1.6837	1.3738	0.0848
PRKD2_exon19	20	1.2118	0.061	1.2117	1.111	1.3474	1.2117	0.061
PRKD2_exon2	20	1.4041	0.0689	1.4015	1.2959	1.6469	1.4015	0.0689
PRKD2_exon20	20	0.6813	0.0525	0.6783	0.6015	0.7799	0.6783	0.0525
PRKD2_exon3	20	1.2469	0.0465	1.25	1.1667	1.3848	1.25	0.0465
PRKD2_exon4	20	1.0256	0.0585	1.0132	0.948	1.216	1.0132	0.0585
PRKD2_exon5	20	0.7305	0.0664	0.7301	0.5749	0.8867	0.7301	0.0664
PRKD2_exon6	20	0.7936	0.051	0.7822	0.7199	0.9315	0.7822	0.051
PRKD2_exon7	20	1.4248	0.0683	1.4247	1.2745	1.6103	1.4247	0.0683
PRKD2_exon8	20	1.1229	0.0512	1.1199	1.0546	1.2871	1.1199	0.0512
PRKD2_exon9	20	1.1957	0.0606	1.1844	1.1307	1.4215	1.1844	0.0606
PSMB5_exon1	20	1.1617	0.0467	1.1633	1.0767	1.2398	1.1633	0.0467
PSMB5_exon2	20	1.0652	0.0384	1.0676	0.9985	1.1328	1.0676	0.0384
PSMB5_exon3	20	1.1501	0.0275	1.1413	1.1075	1.2065	1.1413	0.0275
PSMB5_exon4	20	1.3025	0.0461	1.3052	1.2001	1.3923	1.3052	0.0461
PSMB5_exon5	20	1.1228	0.0471	1.1143	1.0164	1.2068	1.1143	0.0471
PSMD1_exon1	20	0.2448	0.0432	0.2525	0.1699	0.3209	0.2525	0.0432
PSMD1_exon10	20	0.7352	0.0352	0.733	0.6759	0.7937	0.733	0.0352
PSMD1_exon11	20	0.5574	0.0361	0.5593	0.4769	0.6103	0.5593	0.0361
PSMD1_exon12	20	0.8616	0.0322	0.8642	0.7814	0.9148	0.8642	0.0322
PSMD1_exon13	20	1.1101	0.0452	1.1091	1.0389	1.1878	1.1091	0.0452
PSMD1_exon14	20	1.0799	0.0318	1.0797	1.0216	1.1376	1.0797	0.0318
PSMD1_exon15	20	1.3242	0.0719	1.3418	1.1681	1.4455	1.3418	0.0719
PSMD1_exon16	20	1.1149	0.0542	1.1156	1.0063	1.223	1.1156	0.0542
PSMD1_exon17	20	0.9553	0.0493	0.9579	0.8583	1.0468	0.9579	0.0493
PSMD1_exon18	20	1.1493	0.0436	1.1453	1.0755	1.2259	1.1453	0.0436
PSMD1_exon19	20	0.9382	0.0466	0.9376	0.8392	1.0271	0.9376	0.0466
PSMD1_exon2	20	0.9759	0.0322	0.9701	0.9065	1.0502	0.9701	0.0322
PSMD1_exon20	20	1.0355	0.0391	1.0393	0.9681	1.1303	1.0393	0.0391
PSMD1_exon21	20	1.0274	0.027	1.0244	0.958	1.0705	1.0244	0.027
PSMD1_exon22	20	0.9953	0.0363	0.9945	0.9321	1.069	0.9945	0.0363
PSMD1_exon23	20	1.193	0.0725	1.188	1.0727	1.3436	1.188	0.0725
PSMD1_exon24	20	1.0486	0.0406	1.0324	0.9944	1.1508	1.0324	0.0406
PSMD1_exon25	20	1.2865	0.0368	1.2844	1.204	1.3542	1.2844	0.0368
PSMD1_exon3	20	0.8664	0.0277	0.8673	0.8045	0.9216	0.8673	0.0277
PSMD1_exon4	20	1.0454	0.0413	1.0455	0.9814	1.1144	1.0455	0.0413
PSMD1_exon5	20	1.0278	0.0426	1.0171	0.9508	1.0998000000000001	1.0171	0.0426
PSMD1_exon6	20	1.0673	0.0446	1.0633	0.9902	1.1768	1.0633	0.0446
PSMD1_exon7	20	0.8579	0.0388	0.8637	0.7813	0.9172	0.8637	0.0388
PSMD1_exon8	20	1.1369	0.0351	1.1383	1.0681	1.1887	1.1383	0.0351
PSMD1_exon9	20	0.9101	0.0436	0.9077	0.8421	1.0112	0.9077	0.0436
PTEN_exon1	20	0.1152	0.0157	0.1151	0.089	0.1431	0.1151	0.0157
PTEN_exon10	20	1.0157	0.0369	1.0049	0.9703	1.0895	1.0049	0.0369
PTEN_exon11	20	0.938	0.0655	0.9279	0.8171	1.0401	0.9279	0.0655
PTEN_exon12	20	0.951	0.0268	0.9568	0.8849	0.9939	0.9568	0.0268
PTEN_exon13	20	0.9591	0.0546	0.9569	0.8646	1.076	0.9569	0.0546
PTEN_exon14	20	0.8099	0.0448	0.8031	0.7304	0.9142	0.8031	0.0448
PTEN_exon15	20	0.8539	0.0293	0.8584	0.7834	0.8965	0.8584	0.0293
PTEN_exon16	20	1.0004	0.0441	1	0.8902	1.0739	1	0.0441
PTEN_exon17	20	0.6789	0.0449	0.6877	0.6127	0.766	0.6877	0.0449
PTEN_exon18	20	0.8901	0.0499	0.8826	0.8282	0.979	0.8826	0.0499
PTEN_exon19	20	0.7653	0.0389	0.7543	0.7091	0.8323	0.7543	0.0389
PTEN_exon2	20	0.1563	0.0201	0.1545	0.1292	0.2099	0.1545	0.0201
PTEN_exon3	20	0.545	0.0188	0.5452	0.5037	0.5755	0.5452	0.0188
PTEN_exon4	20	0.9927	0.0411	0.9957	0.9122	1.0674	0.9957	0.0411
PTEN_exon5	20	0.8169	0.049	0.8288	0.725	0.908	0.8288	0.049
PTEN_exon6	20	0.9157	0.0548	0.9142	0.818	1.0498	0.9142	0.0548
PTEN_exon7	20	0.6986	0.0812	0.7213	0.5919	0.8297	0.7213	0.0812
PTEN_exon8	20	0.7466	0.0695	0.7605	0.6498	0.8582	0.7605	0.0695
PTEN_exon9	20	1.0558	0.0367	1.0568	0.9832	1.1185	1.0568	0.0367
PTPN11_exon1	20	0.2323	0.0503	0.234	0.1624	0.3098	0.234	0.0503
PTPN11_exon10	20	0.9489	0.051	0.9587	0.8326	1.046	0.9587	0.051
PTPN11_exon11	20	1.0925	0.0519	1.1036	0.9526	1.1958	1.1036	0.0519
PTPN11_exon12	20	1.1591	0.0493	1.1681	1.0449	1.2513	1.1681	0.0493
PTPN11_exon13	20	1.1234	0.0551	1.1244	0.9905	1.2502	1.1244	0.0551
PTPN11_exon14	20	0.9713	0.052	0.9636	0.845	1.1227	0.9636	0.052
PTPN11_exon15	20	1.0014	0.0464	1.0034	0.8731	1.0765	1.0034	0.0464
PTPN11_exon16	20	1.1976	0.0623	1.2019	1.0341	1.3152	1.2019	0.0623
PTPN11_exon17	20	1.208	0.0524	1.2051	1.0682	1.3237	1.2051	0.0524
PTPN11_exon18	20	0.9995	0.0411	0.998	0.8986	1.073	0.998	0.0411
PTPN11_exon19	20	1.0344	0.0533	1.044	0.8974	1.1217	1.044	0.0533
PTPN11_exon2	20	1.0453	0.0552	1.055	0.9288	1.1272	1.055	0.0552
PTPN11_exon20	20	0.9057	0.0483	0.9063	0.797	1.0178	0.9063	0.0483
PTPN11_exon3	20	0.9412	0.0475	0.9368	0.8433	1.0355	0.9368	0.0475
PTPN11_exon4	20	1.0087	0.0544	1.0112	0.8928	1.0893	1.0112	0.0544
PTPN11_exon5	20	0.9965	0.051	0.9971	0.8993	1.0766	0.9971	0.051
PTPN11_exon6	20	0.73	0.0322	0.7273	0.6461	0.7817	0.7273	0.0322
PTPN11_exon7	20	0.9403	0.0509	0.9493	0.8041	1.0412	0.9493	0.0509
PTPN11_exon8	20	0.9425	0.0347	0.9435	0.8613	0.985	0.9435	0.0347
PTPN11_exon9	20	0.6133	0.048	0.608	0.5425	0.7624	0.608	0.048
RASA2_exon1	20	0.1266	0.0288	0.1315	0.0773	0.18	0.1315	0.0288
RASA2_exon10	20	0.7303	0.0455	0.7261	0.6666	0.8551	0.7261	0.0455
RASA2_exon11	20	0.9606	0.0447	0.9582	0.9047	1.1226	0.9582	0.0447
RASA2_exon12	20	1.0338	0.0546	1.0414	0.9347	1.1965	1.0414	0.0546
RASA2_exon13	20	0.8594	0.0526	0.8518	0.7985	1.0517	0.8518	0.0526
RASA2_exon14	20	0.789	0.0609	0.7897	0.6993	0.9569	0.7897	0.0609
RASA2_exon15	20	0.7765	0.0548	0.7763	0.6554	0.9237	0.7763	0.0548
RASA2_exon16	20	1.1769	0.059	1.1633	1.0862	1.3623	1.1633	0.059
RASA2_exon17	20	0.8777	0.0437	0.8735	0.8243	1.0129	0.8735	0.0437
RASA2_exon18	20	0.9827	0.0442	0.9817	0.9152	1.1063	0.9817	0.0442
RASA2_exon19	20	0.9922	0.0379	0.9797	0.9304	1.0964	0.9797	0.0379
RASA2_exon2	20	1.0014	0.0748	0.9846	0.8845	1.1911	0.9846	0.0748
RASA2_exon20	20	0.9853	0.0417	0.9867	0.9244	1.1216	0.9867	0.0417
RASA2_exon21	20	0.9939	0.0485	0.9827	0.9401	1.1557	0.9827	0.0485
RASA2_exon22	20	1.0341	0.0629	1.0121	0.9599	1.249	1.0121	0.0629
RASA2_exon23	20	1.0652	0.0597	1.0613	0.9571	1.2384	1.0613	0.0597
RASA2_exon24	20	1.1044	0.0516	1.085	1.0487	1.2502	1.085	0.0516
RASA2_exon25	20	0.8625	0.0601	0.8439	0.7819	1.0305	0.8439	0.0601
RASA2_exon3	20	0.6704	0.0577	0.6555	0.5904	0.7975	0.6555	0.0577
RASA2_exon4	20	0.9895	0.0586	0.9863	0.9006	1.1324	0.9863	0.0586
RASA2_exon5	20	0.9781	0.05	0.9715	0.9182	1.1158	0.9715	0.05
RASA2_exon6	20	0.6413	0.0413	0.6381	0.5806	0.7313	0.6381	0.0413
RASA2_exon7	20	0.913	0.0516	0.9018	0.8348	1.0485	0.9018	0.0516
RASA2_exon8	20	0.9442	0.0517	0.9443	0.8577	1.0652	0.9443	0.0517
RASA2_exon9	20	1.041	0.0425	1.0305	0.97	1.1387	1.0305	0.0425
RB1_exon1	20	0.0938	0.0248	0.0944	0.0602	0.135	0.0944	0.0248
RB1_exon10	20	0.9184	0.0498	0.9115	0.8216	1.0336	0.9115	0.0498
RB1_exon11	20	0.9915	0.0554	0.9904	0.8829	1.087	0.9904	0.0554
RB1_exon12	20	0.8512	0.0437	0.8515	0.7689	0.9373	0.8515	0.0437
RB1_exon13	20	1.1001	0.0488	1.1101	0.9797	1.1822	1.1101	0.0488
RB1_exon14	20	0.6229	0.061	0.6189	0.545	0.7232	0.6189	0.061
RB1_exon15	20	0.4628	0.0387	0.4716	0.38	0.5266	0.4716	0.0387
RB1_exon16	20	0.9336	0.0478	0.9337	0.8392	1.0185	0.9337	0.0478
RB1_exon17	20	1.0188	0.0553	1.0285	0.8725	1.099	1.0285	0.0553
RB1_exon18	20	1.0078	0.047	1.0159	0.8959	1.1373	1.0159	0.047
RB1_exon19	20	0.838	0.0461	0.8473	0.7212	0.9225	0.8473	0.0461
RB1_exon2	20	0.9074	0.044	0.8961	0.8251	1.0232	0.8961	0.044
RB1_exon20	20	0.8161	0.0287	0.8129	0.7552	0.875	0.8129	0.0287
RB1_exon21	20	1.0955	0.0529	1.1105	0.9647	1.162	1.1105	0.0529
RB1_exon22	20	0.8848	0.0379	0.8868	0.7995	0.9624	0.8868	0.0379
RB1_exon23	20	0.9156	0.0515	0.9118	0.7723	0.9977	0.9118	0.0515
RB1_exon24	20	0.9473	0.0562	0.9442	0.8261	1.0445	0.9442	0.0562
RB1_exon25	20	1.1825	0.0688	1.2077	1.005	1.288	1.2077	0.0688
RB1_exon3	20	0.9696	0.0468	0.9572	0.8916	1.0537	0.9572	0.0468
RB1_exon4	20	0.8871	0.0388	0.8863	0.8126	0.9676	0.8863	0.0388
RB1_exon5	20	0.8237	0.0488	0.8203	0.7366	0.9273	0.8203	0.0488
RB1_exon6	20	0.7282	0.0421	0.7251	0.6676	0.7937	0.7251	0.0421
RB1_exon7	20	1.0547	0.0454	1.0611	0.9475	1.1332	1.0611	0.0454
RB1_exon8	20	0.8969	0.0605	0.9157	0.7901	0.9909	0.9157	0.0605
RB1_exon9	20	0.8721	0.0471	0.869	0.7898	0.9555	0.869	0.0471
RBX1_exon1	20	0.8209	0.045	0.8116	0.737	0.9267	0.8116	0.045
RBX1_exon2	20	1.4677	0.0625	1.4717	1.2788	1.5654	1.4717	0.0625
RBX1_exon3	20	1.4341	0.0587	1.4356	1.2788	1.5479	1.4356	0.0587
RBX1_exon4	20	1.1495	0.0316	1.1527	1.0911	1.2001	1.1527	0.0316
RBX1_exon5	20	0.9054	0.0401	0.9087	0.8356	0.9927	0.9087	0.0401
RBX1_exon6	20	1.2275	0.0463	1.2316	1.1607	1.3578	1.2316	0.0463
RPL10_exon1	20	0.8809	0.2728	0.6938	0.6377	1.3639	0.6938	0.2728
RPL10_exon2	20	0.8207	0.2539	0.6536	0.5493	1.1894	0.6536	0.2539
RPL10_exon3	20	1.0941	0.3366	0.8663	0.7678	1.5783	0.8663	0.3366
RPL10_exon4	20	0.8694	0.2852	0.6751	0.6073	1.2995	0.6751	0.2852
RPL10_exon5	20	0.3828	0.1283	0.3086	0.2525	0.5723	0.3086	0.1283
RPL10_exon6	20	0.6606	0.2108	0.523	0.4642	0.9711	0.523	0.2108
RPL10_exon7	20	0.9548	0.2792	0.7637	0.6859	1.3757	0.7637	0.2792
RPL10_exon8	20	1.0252	0.3243	0.7983	0.7161	1.4782	0.7983	0.3243
RPL10_exon9	20	0.7431	0.2443	0.5846	0.4939	1.0789	0.5846	0.2443
RPL5_exon1	20	1.0747	0.0516	1.0737	1.0144	1.2308	1.0737	0.0516
RPL5_exon10	20	0.7109	0.0407	0.6966	0.6702	0.844	0.6966	0.0407
RPL5_exon11	20	0.9569	0.0305	0.9606	0.8816	1.0023	0.9606	0.0305
RPL5_exon2	20	0.8434	0.0324	0.8416	0.7876	0.9055	0.8416	0.0324
RPL5_exon3	20	0.8724	0.0336	0.8605	0.8175	0.9369	0.8605	0.0336
RPL5_exon4	20	1.1012	0.0431	1.1112	0.9913	1.1996	1.1112	0.0431
RPL5_exon5	20	1.006	0.0312	1.0068	0.9449	1.0851	1.0068	0.0312
RPL5_exon6	20	1.0422	0.0404	1.0419	0.9587	1.123	1.0419	0.0404
RPL5_exon7	20	0.9298	0.0499	0.9381	0.8138	1.0317	0.9381	0.0499
RPL5_exon8	20	1.0846	0.025	1.0859	1.0228	1.1393	1.0859	0.025
RPL5_exon9	20	1.3365	0.0496	1.3453	1.2234	1.4289	1.3453	0.0496
SAMHD1_exon1	20	1.1722	0.0432	1.177	1.0769	1.257	1.177	0.0432
SAMHD1_exon10	20	0.8783	0.0548	0.8757	0.7946	1.0387	0.8757	0.0548
SAMHD1_exon11	20	1.1691	0.0533	1.1585	1.0319	1.2672	1.1585	0.0533
SAMHD1_exon12	20	1.3037	0.0549	1.3014	1.2083	1.407	1.3014	0.0549
SAMHD1_exon13	20	1.1056	0.0374	1.1123	1.0141	1.1677	1.1123	0.0374
SAMHD1_exon14	20	0.9281	0.0368	0.9323	0.8566	0.983	0.9323	0.0368
SAMHD1_exon15	20	0.4994	0.037	0.4912	0.4468	0.5546	0.4912	0.037
SAMHD1_exon2	20	1.0806	0.051	1.0765	0.9887	1.1823	1.0765	0.051
SAMHD1_exon3	20	1.2839	0.0548	1.2909	1.1715	1.3884	1.2909	0.0548
SAMHD1_exon4	20	0.9707	0.0293	0.9666	0.9104	1.0455	0.9666	0.0293
SAMHD1_exon5	20	0.9984	0.0336	0.9965	0.9241	1.0602	0.9965	0.0336
SAMHD1_exon6	20	0.9185	0.0454	0.9168	0.8419	1.0374	0.9168	0.0454
SAMHD1_exon7	20	1.0575	0.039	1.0575	0.97	1.1313	1.0575	0.039
SAMHD1_exon8	20	1.0544	0.0369	1.0523	0.9978	1.1156	1.0523	0.0369
SAMHD1_exon9	20	0.9385	0.0388	0.9332	0.8832	1.0112	0.9332	0.0388
SETD2_exon1	20	1.4647	0.053	1.4715	1.3631	1.5492	1.4715	0.053
SETD2_exon10	20	1.0313	0.042	1.036	0.94	1.0959	1.036	0.042
SETD2_exon11	20	1.2535	0.0609	1.2627	1.0917	1.3437	1.2627	0.0609
SETD2_exon12	20	1.1037	0.0439	1.1089	1.0133	1.1876	1.1089	0.0439
SETD2_exon13	20	0.6802	0.0555	0.6803	0.5944	0.7946	0.6803	0.0555
SETD2_exon14	20	1.0366	0.0377	1.0319	0.9696	1.1031	1.0319	0.0377
SETD2_exon15	20	0.8347	0.0466	0.8349	0.7392	0.9935	0.8349	0.0466
SETD2_exon16	20	1.0656	0.0305	1.0657	1.0133	1.1201	1.0657	0.0305
SETD2_exon17	20	1.0837	0.0518	1.0721	0.9922	1.1896	1.0721	0.0518
SETD2_exon18	20	1.0506	0.0376	1.0575	0.9841	1.1153	1.0575	0.0376
SETD2_exon19	20	1.1034	0.0286	1.1036	1.0529	1.1505	1.1036	0.0286
SETD2_exon2	20	0.903	0.0417	0.9104	0.8356	0.9728	0.9104	0.0417
SETD2_exon20	20	0.9254	0.0451	0.9261	0.8669	1.0172	0.9261	0.0451
SETD2_exon21	20	1.2821	0.0286	1.283	1.2359	1.3286	1.283	0.0286
SETD2_exon22	20	1.4725	0.039	1.4785	1.3673	1.5379	1.4785	0.039
SETD2_exon23	20	1.3162	0.0336	1.3129	1.2378	1.3739	1.3129	0.0336
SETD2_exon24	20	1.4635	0.0418	1.4632	1.3294	1.5519	1.4632	0.0418
SETD2_exon25	20	1.022	0.0384	1.0238	0.9496	1.0845	1.0238	0.0384
SETD2_exon26	20	0.3256	0.0549	0.3414	0.2309	0.4112	0.3414	0.0549
SETD2_exon3	20	1.2927	0.0407	1.2998	1.2174	1.3548	1.2998	0.0407
SETD2_exon4	20	1.0042	0.0374	1.0081	0.9466	1.1013	1.0081	0.0374
SETD2_exon5	20	1.07	0.0286	1.0747	0.9959	1.1139	1.0747	0.0286
SETD2_exon6	20	0.6071	0.0583	0.6081	0.5162	0.7353	0.6081	0.0583
SETD2_exon7	20	1.397	0.0507	1.3998	1.2908	1.4752	1.3998	0.0507
SETD2_exon8	20	0.9143	0.0684	0.9197	0.7793	1.0233	0.9197	0.0684
SETD2_exon9	20	0.9763	0.0498	0.9823	0.8783	1.069	0.9823	0.0498
SF3B1_exon1	20	1.0417	0.0365	1.0355	0.9893	1.1333	1.0355	0.0365
SF3B1_exon10	20	1.1786	0.0433	1.1852	1.0857	1.2579	1.1852	0.0433
SF3B1_exon11	20	0.9875	0.0612	0.9753	0.8912	1.1251	0.9753	0.0612
SF3B1_exon12	20	1.003	0.0275	1.0027	0.9641	1.0544	1.0027	0.0275
SF3B1_exon13	20	1.1325	0.0409	1.1401	1.0494	1.2098	1.1401	0.0409
SF3B1_exon14	20	1.018	0.0272	1.0179	0.9616	1.0654	1.0179	0.0272
SF3B1_exon15	20	1.1038	0.0221	1.1021	1.0562	1.1438	1.1021	0.0221
SF3B1_exon16	20	1.1343	0.0457	1.1341	1.0448	1.2395	1.1341	0.0457
SF3B1_exon17	20	1.0929	0.053	1.0914	0.9575	1.17	1.0914	0.053
SF3B1_exon18	20	1.0791	0.0291	1.0738	1.0246	1.135	1.0738	0.0291
SF3B1_exon19	20	0.7982	0.0373	0.7912	0.7335	0.9034	0.7912	0.0373
SF3B1_exon2	20	0.6521	0.0356	0.6537	0.5863	0.7315	0.6537	0.0356
SF3B1_exon20	20	1.046	0.0317	1.0459	0.9879	1.0918	1.0459	0.0317
SF3B1_exon21	20	0.8118	0.0379	0.8096	0.7244	0.8895	0.8096	0.0379
SF3B1_exon22	20	1.0034	0.0382	1.0017	0.9358	1.0935	1.0017	0.0382
SF3B1_exon23	20	0.9167	0.0272	0.9253	0.8432	0.9484	0.9253	0.0272
SF3B1_exon24	20	0.8987	0.0319	0.8968	0.8449	0.9632	0.8968	0.0319
SF3B1_exon25	20	1.1481	0.0463	1.164	1.0245	1.2111	1.164	0.0463
SF3B1_exon26	20	1.0087	0.0321	1.0115	0.9403	1.0538	1.0115	0.0321
SF3B1_exon27	20	0.9223	0.0741	0.912	0.7948	1.1046	0.912	0.0741
SF3B1_exon3	20	1.106	0.0322	1.0987	1.0485	1.1572	1.0987	0.0322
SF3B1_exon4	20	1.2678	0.0613	1.2834	1.1022	1.3616	1.2834	0.0613
SF3B1_exon5	20	1.263	0.0648	1.2731	1.0555	1.3676	1.2731	0.0648
SF3B1_exon6	20	0.7918	0.0317	0.7897	0.7072	0.8582	0.7897	0.0317
SF3B1_exon7	20	1.0702	0.0344	1.0771	0.9917	1.1229	1.0771	0.0344
SF3B1_exon8	20	0.8161	0.0413	0.8067	0.7594	0.9214	0.8067	0.0413
SF3B1_exon9	20	1.1012	0.044	1.1012	0.9838	1.1686	1.1012	0.044
SGPP1_exon1	20	1.1625	0.0249	1.169	1.1002	1.2001	1.169	0.0249
SGPP1_exon2	20	0.7608	0.0393	0.7674	0.6992	0.8274	0.7674	0.0393
SGPP1_exon3	20	0.8564	0.0629	0.8695	0.7536	0.9635	0.8695	0.0629
SGPP1_exon4	20	0.4267	0.057	0.43	0.3234	0.5092	0.43	0.057
SNX7_exon1	20	0.1057	0.0123	0.1081	0.0836	0.1256	0.1081	0.0123
SNX7_exon10	20	1.2486	0.0524	1.2575	1.1495	1.3389	1.2575	0.0524
SNX7_exon11	20	1.1804	0.0651	1.1845	1.0812	1.2927	1.1845	0.0651
SNX7_exon2	20	0.4285	0.0599	0.4472	0.3172	0.5287	0.4472	0.0599
SNX7_exon3	20	0.9567	0.0374	0.9709	0.8831	1.0086	0.9709	0.0374
SNX7_exon4	20	0.8945	0.027	0.8906	0.8432	0.9479	0.8906	0.027
SNX7_exon5	20	0.8567	0.035	0.8593	0.7962	0.9118	0.8593	0.035
SNX7_exon6	20	1.0851	0.0356	1.0724	1.025	1.1628	1.0724	0.0356
SNX7_exon7	20	0.8218	0.0302	0.8234	0.7753	0.8882	0.8234	0.0302
SNX7_exon8	20	1.0022	0.0278	1.0027	0.9416	1.0591	1.0027	0.0278
SNX7_exon9	20	0.952	0.0397	0.9421	0.8936	1.07	0.9421	0.0397
SP140_exon1	20	1.0035	0.0628	0.9943	0.8951	1.1355	0.9943	0.0628
SP140_exon10	20	1.031	0.0335	1.0407	0.9613	1.0807	1.0407	0.0335
SP140_exon11	20	1.1367	0.0444	1.1224	1.0837	1.2414	1.1224	0.0444
SP140_exon12	20	1.0352	0.0309	1.0367	0.9557	1.0876	1.0367	0.0309
SP140_exon13	20	1.1976	0.0348	1.2009	1.1328	1.2496	1.2009	0.0348
SP140_exon14	20	0.9899	0.0522	0.9953	0.9056	1.1514	0.9953	0.0522
SP140_exon15	20	1.1853	0.041	1.1897	1.1355	1.2688	1.1897	0.041
SP140_exon16	20	0.9333	0.0468	0.9311	0.8031	0.9994	0.9311	0.0468
SP140_exon17	20	0.8753	0.0302	0.8689	0.8266	0.9324	0.8689	0.0302
SP140_exon18	20	0.9289	0.0434	0.9236	0.8539	1.0229	0.9236	0.0434
SP140_exon19	20	1.0889	0.0447	1.0859	1.0307	1.1784	1.0859	0.0447
SP140_exon2	20	0.7199	0.022	0.7194	0.6844	0.774	0.7194	0.022
SP140_exon20	20	1.0136	0.0361	1.0152	0.9357	1.0728	1.0152	0.0361
SP140_exon21	20	1.0395	0.0374	1.0364	0.957	1.1071	1.0364	0.0374
SP140_exon22	20	1.0963	0.0536	1.0981	1.0023	1.1764	1.0981	0.0536
SP140_exon23	20	1.0328	0.0305	1.0323	0.9772	1.0839	1.0323	0.0305
SP140_exon24	20	1.2	0.0407	1.2048	1.116	1.2673	1.2048	0.0407
SP140_exon25	20	0.8444	0.0419	0.84	0.7726	0.9324	0.84	0.0419
SP140_exon26	20	0.188	0.0453	0.1803	0.1107	0.266	0.1803	0.0453
SP140_exon27	20	0.808	0.0852	0.8065	0.665	0.9664	0.8065	0.0852
SP140_exon28	20	0.6133	0.0844	0.6181	0.4787	0.7398	0.6181	0.0844
SP140_exon29	20	1.2761	0.0377	1.2789	1.2071	1.325	1.2789	0.0377
SP140_exon3	20	0.902	0.0352	0.9067	0.849	0.9988	0.9067	0.0352
SP140_exon30	20	1.1594	0.0327	1.1626	1.0839	1.2146	1.1626	0.0327
SP140_exon4	20	0.9947	0.0408	0.9955	0.9383	1.1013	0.9955	0.0408
SP140_exon5	20	1.101	0.031	1.095	1.0644	1.181	1.095	0.031
SP140_exon6	20	1.2198	0.0421	1.2201	1.1496	1.3242	1.2201	0.0421
SP140_exon7	20	1.0422	0.0412	1.0506	0.962	1.1291	1.0506	0.0412
SP140_exon8	20	1.1908	0.0458	1.1943	1.1032	1.251	1.1943	0.0458
SP140_exon9	20	1.2914	0.0406	1.293	1.1921	1.3702	1.293	0.0406
STAT3_exon1	20	1.2374	0.0592	1.2315	1.1587	1.4043	1.2315	0.0592
STAT3_exon10	20	1.0323	0.0728	1.0196	0.9302	1.2633	1.0196	0.0728
STAT3_exon11	20	1.3845	0.0584	1.3803	1.2704	1.5844	1.3803	0.0584
STAT3_exon12	20	1.3191	0.0701	1.3063	1.2368	1.5491	1.3063	0.0701
STAT3_exon13	20	1.3922	0.0697	1.3848	1.3117	1.6379	1.3848	0.0697
STAT3_exon14	20	1.0439	0.0824	1.041	0.9286	1.2759	1.041	0.0824
STAT3_exon15	20	1.1174	0.0679	1.1022	1.0512	1.3597	1.1022	0.0679
STAT3_exon16	20	0.8011	0.0398	0.7899	0.7236	0.889	0.7899	0.0398
STAT3_exon17	20	1.0081	0.0635	0.9978	0.9262	1.2059	0.9978	0.0635
STAT3_exon18	20	0.9767	0.0426	0.9738	0.9137	1.0907	0.9738	0.0426
STAT3_exon19	20	1.0254	0.0532	1.0188	0.9603	1.2092	1.0188	0.0532
STAT3_exon2	20	1.1927	0.0667	1.1787	1.1118	1.4335	1.1787	0.0667
STAT3_exon3	20	1.1959	0.0846	1.1695	1.1051	1.4472	1.1695	0.0846
STAT3_exon4	20	1.2288	0.0586	1.2181	1.1567	1.3831	1.2181	0.0586
STAT3_exon5	20	1.4903	0.0667	1.4792	1.3893	1.71	1.4792	0.0667
STAT3_exon6	20	1.654	0.0867	1.6331	1.5441	1.9736	1.6331	0.0867
STAT3_exon7	20	1.5497	0.069	1.5465	1.4193	1.7617	1.5465	0.069
STAT3_exon8	20	1.1755	0.0474	1.1758	1.063	1.3241	1.1758	0.0474
STAT3_exon9	20	1.111	0.0474	1.1053	1.0419	1.2851	1.1053	0.0474
TGDS_exon1	20	1.0288	0.0396	1.0283	0.947	1.082	1.0283	0.0396
TGDS_exon10	20	1.1777	0.0476	1.1755	1.0392	1.2535	1.1755	0.0476
TGDS_exon11	20	1.06	0.0405	1.0748	0.9497	1.1096	1.0748	0.0405
TGDS_exon12	20	0.9079	0.0447	0.9206	0.8157	0.9623	0.9206	0.0447
TGDS_exon13	20	0.65	0.0496	0.6471	0.5511	0.7632	0.6471	0.0496
TGDS_exon2	20	0.932	0.0371	0.9271	0.8628	0.9958	0.9271	0.0371
TGDS_exon3	20	0.8946	0.0444	0.8859	0.8111	0.9661	0.8859	0.0444
TGDS_exon4	20	1.227	0.0586	1.2491	1.0999	1.3156	1.2491	0.0586
TGDS_exon5	20	0.9071	0.0376	0.9058	0.8291	0.9632	0.9058	0.0376
TGDS_exon6	20	1.0108	0.0495	1.0116	0.9264	1.1025	1.0116	0.0495
TGDS_exon7	20	0.9274	0.0513	0.9175	0.8595	1.0186	0.9175	0.0513
TGDS_exon8	20	0.7719	0.0602	0.7517	0.6641	0.867	0.7517	0.0602
TGDS_exon9	20	1.0367	0.0494	1.0511	0.9116	1.1083	1.0511	0.0494
TNFRSF17_exon1	20	1.1744	0.0452	1.1712	1.0599	1.2748	1.1712	0.0452
TNFRSF17_exon2	20	0.9915	0.0427	0.9795	0.9365	1.0826	0.9795	0.0427
TNFRSF17_exon3	20	0.4996	0.0323	0.489	0.4651	0.6027	0.489	0.0323
TNFRSF17_exon4	20	1.0421	0.0333	1.0397	0.9817	1.0983	1.0397	0.0333
TNFSF12_exon1	20	0.5046	0.0428	0.5066	0.3651	0.565	0.5066	0.0428
TNFSF12_exon2	20	1.1283	0.0952	1.1332	0.8456	1.2378	1.1332	0.0952
TNFSF12_exon3	20	1.3125	0.1226	1.3033	0.9399	1.4698	1.3033	0.1226
TNFSF12_exon4	20	1.0734	0.0828	1.0953	0.7996	1.1865	1.0953	0.0828
TNFSF12_exon5	20	0.9466	0.0682	0.9586	0.713	1.0267	0.9586	0.0682
TNFSF12_exon6	20	1.0442	0.0846	1.0724	0.7413	1.1265	1.0724	0.0846
TNFSF12_exon7	20	1.1424	0.0739	1.1567	0.8823	1.2208	1.1567	0.0739
TNFSF12_exon8	20	1.2119	0.0987	1.2346	0.885	1.3463	1.2346	0.0987
TNFSF12_exon9	20	0.8255	0.0742	0.8333	0.6023	0.9682	0.8333	0.0742
TP53_exon1	20	0.3756	0.0426	0.3805	0.253	0.4904	0.3805	0.0426
TP53_exon10	20	1.3451	0.1027	1.367	0.9966	1.4463	1.367	0.1027
TP53_exon11	20	0.9839	0.0653	0.9915	0.7494	1.0759	0.9915	0.0653
TP53_exon12	20	1.1879	0.0831	1.1913	0.8946	1.2765	1.1913	0.0831
TP53_exon13	20	0.9616	0.066	0.9773	0.745	1.0279	0.9773	0.066
TP53_exon2	20	0.9255	0.0704	0.9477	0.7074	1	0.9477	0.0704
TP53_exon3	20	0.4593	0.0477	0.4609	0.3476	0.5561	0.4609	0.0477
TP53_exon4	20	1.2057	0.0977	1.2177	0.8456	1.3283	1.2177	0.0977
TP53_exon5	20	0.6644	0.056	0.6674	0.5044	0.8036	0.6674	0.056
TP53_exon6	20	1.0757	0.0777	1.0694	0.8038	1.186	1.0694	0.0777
TP53_exon7	20	1.3574	0.1066	1.3801	0.9804	1.4666	1.3801	0.1066
TP53_exon8	20	1.1099	0.079	1.1289	0.8156	1.1815	1.1289	0.079
TP53_exon9	20	1.2807	0.0908	1.3012	0.9662	1.3827	1.3012	0.0908
TRAF2_exon1	20	0.7221	0.0541	0.7083	0.6396	0.8333	0.7083	0.0541
TRAF2_exon10	20	1.153	0.0702	1.1298	1.0732	1.3482	1.1298	0.0702
TRAF2_exon2	20	0.9007	0.0692	0.8831	0.8184	1.0863	0.8831	0.0692
TRAF2_exon3	20	1.2694	0.073	1.2426	1.1832	1.4859	1.2426	0.073
TRAF2_exon4	20	0.9737	0.0664	0.9478	0.9036	1.1333	0.9478	0.0664
TRAF2_exon5	20	0.6825	0.0509	0.6817	0.604	0.8142	0.6817	0.0509
TRAF2_exon6	20	1.4734	0.0872	1.4401	1.3807	1.7115	1.4401	0.0872
TRAF2_exon7	20	1.1608	0.0653	1.1471	1.0952	1.3568	1.1471	0.0653
TRAF2_exon8	20	1.2477	0.0822	1.2345	1.1408	1.4295	1.2345	0.0822
TRAF2_exon9	20	0.8792	0.0588	0.8559	0.7892	1.0507	0.8559	0.0588
TRAF3_exon1	20	1.2961	0.0457	1.291	1.2091	1.386	1.291	0.0457
TRAF3_exon10	20	1.2733	0.0472	1.2682	1.1979	1.397	1.2682	0.0472
TRAF3_exon11	20	0.9022	0.0364	0.8952	0.8475	0.9678	0.8952	0.0364
TRAF3_exon12	20	1.1961	0.0364	1.1901	1.1302	1.283	1.1901	0.0364
TRAF3_exon2	20	1.1061	0.0401	1.1008	1.0102	1.225	1.1008	0.0401
TRAF3_exon3	20	1.0474	0.0375	1.051	0.9829	1.1481	1.051	0.0375
TRAF3_exon4	20	1.1164	0.044	1.1123	1.0448	1.2108	1.1123	0.044
TRAF3_exon5	20	1.0568	0.0425	1.0533	0.9494	1.1371	1.0533	0.0425
TRAF3_exon6	20	1.0592	0.0473	1.0658	0.9692	1.1636	1.0658	0.0473
TRAF3_exon7	20	1.0075	0.0487	1.0018	0.9152	1.1353	1.0018	0.0487
TRAF3_exon8	20	1.2451	0.052	1.2586	1.1724	1.391	1.2586	0.052
TRAF3_exon9	20	1.0013	0.047	0.9891	0.9231	1.1337	0.9891	0.047
XBP1_exon1	20	1.3805	0.0907	1.4035	1.0544	1.4599	1.4035	0.0907
XBP1_exon2	20	1.1972	0.0852	1.2198	0.9145	1.2754	1.2198	0.0852
XBP1_exon3	20	1.1915	0.0905	1.2125	0.881	1.2937	1.2125	0.0905
XBP1_exon4	20	0.9133	0.0721	0.9317	0.6588	0.9795	0.9317	0.0721
XBP1_exon5	20	0.972	0.0802	0.9829	0.7121	1.0856	0.9829	0.0802
XBP1_exon6	20	0.8263	0.0739	0.8456	0.5917	0.9755	0.8456	0.0739
XBP1_exon7	20	0.8953	0.0814	0.9046	0.6133	1.0048	0.9046	0.0814
XBP1_exon8	20	0.2523	0.0523	0.2602	0.146	0.3201	0.2602	0.0523
XPO1_exon1	20	0.9778	0.0332	0.9806	0.9174	1.0509	0.9806	0.0332
XPO1_exon10	20	1.1496	0.039	1.1618	1.0875	1.2075	1.1618	0.039
XPO1_exon11	20	1.3636	0.0533	1.3624	1.2658	1.477	1.3624	0.0533
XPO1_exon12	20	1.3719	0.0457	1.3698	1.2938	1.4455	1.3698	0.0457
XPO1_exon13	20	1.1298	0.0419	1.1283	1.0433	1.1897	1.1283	0.0419
XPO1_exon14	20	1.0405	0.0458	1.0444	0.9585	1.1195	1.0444	0.0458
XPO1_exon15	20	0.9946	0.0337	1.0048	0.9024	1.0483	1.0048	0.0337
XPO1_exon16	20	1.1241	0.0533	1.1262	1.0261	1.2049	1.1262	0.0533
XPO1_exon17	20	0.9412	0.032	0.9406	0.8895	1.0069	0.9406	0.032
XPO1_exon18	20	1.1596	0.0406	1.155	1.1025	1.2447	1.155	0.0406
XPO1_exon19	20	1.1627	0.0413	1.165	1.0908	1.2452	1.165	0.0413
XPO1_exon2	20	0.8215	0.0414	0.8072	0.7651	0.9298	0.8072	0.0414
XPO1_exon20	20	0.9219	0.0347	0.9226	0.8577	0.9791	0.9226	0.0347
XPO1_exon21	20	0.7904	0.0357	0.7917	0.7175	0.8833	0.7917	0.0357
XPO1_exon3	20	1.0502	0.0311	1.0531	1.0012	1.1023	1.0531	0.0311
XPO1_exon4	20	0.8371	0.0416	0.8492	0.7565	0.9365	0.8492	0.0416
XPO1_exon5	20	1.1448	0.0297	1.1511	1.0605	1.1893	1.1511	0.0297
XPO1_exon6	20	1.0698	0.0302	1.0704	1.014	1.1355	1.0704	0.0302
XPO1_exon7	20	1.0264	0.0329	1.0351	0.9373	1.0856	1.0351	0.0329
XPO1_exon8	20	1.0037	0.0318	1.0009	0.9372	1.0513	1.0009	0.0318
XPO1_exon9	20	1.1517	0.0327	1.1446	1.102	1.2106	1.1446	0.0327
