name	n	mean_probe	sd_probe	median_probe	min_probe	max_probe	NORM_FACT	NF_sd
ATM_exon1	11	1.4006	0.1301	1.4598	1.2099	1.5588	1.4598	0.1301
ATM_exon10	11	1.2793	0.1971	1.2899	1.0012	1.6938	1.2899	0.1971
ATM_exon11	11	1.2321	0.0841	1.2433	1.0516	1.3526	1.2433	0.0841
ATM_exon12	11	0.9155	0.0609	0.913	0.8457	1.0052	0.913	0.0609
ATM_exon13	11	1.2489	0.1248	1.1908	1.0824	1.4615	1.1908	0.1248
ATM_exon14	11	1.2311	0.175	1.2565	0.9577	1.4365	1.2565	0.175
ATM_exon15	11	1.2402	0.0509	1.2195	1.1838	1.3246	1.2195	0.0509
ATM_exon16	11	1.1515	0.0718	1.1278	1.076	1.3221	1.1278	0.0718
ATM_exon17	11	1.0205	0.0886	1.0291	0.8873	1.2058	1.0291	0.0886
ATM_exon18	11	1.2922	0.0933	1.2946	1.1109	1.453	1.2946	0.0933
ATM_exon19	11	1.2533	0.1698	1.3097	1.0318	1.4491	1.3097	0.1698
ATM_exon2	11	1.1928	0.1067	1.196	1.0468	1.455	1.196	0.1067
ATM_exon20	11	1.3314	0.1202	1.3264	1.1738	1.5357	1.3264	0.1202
ATM_exon21	11	1.2567	0.1567	1.2687	0.9828	1.5012	1.2687	0.1567
ATM_exon22	11	1.0161	0.1367	0.9904	0.8064	1.2168	0.9904	0.1367
ATM_exon23	11	1.2175	0.2241	1.2959	0.9091	1.6449	1.2959	0.2241
ATM_exon24	11	1.094	0.0498	1.1038	0.9861	1.1542	1.1038	0.0498
ATM_exon25	11	1.1335	0.0863	1.1251	0.9517	1.2614	1.1251	0.0863
ATM_exon26	11	1.1721	0.2099	1.2045	0.8011	1.4509	1.2045	0.2099
ATM_exon27	11	1.1604	0.1427	1.1161	0.9263	1.3628	1.1161	0.1427
ATM_exon28	11	1.1881	0.0869	1.1791	0.9985	1.3278	1.1791	0.0869
ATM_exon29	11	1.1782	0.1723	1.2558	0.9417	1.4042	1.2558	0.1723
ATM_exon3	11	1.4176	0.0991	1.4285	1.2986	1.6399	1.4285	0.0991
ATM_exon30	11	1.2321	0.1515	1.2069	0.944	1.4732	1.2069	0.1515
ATM_exon31	11	1.1938	0.0991	1.1674	1.0663	1.3802	1.1674	0.0991
ATM_exon32	11	1.2186	0.0869	1.2009	1.1044	1.3708	1.2009	0.0869
ATM_exon33	11	1.2365	0.1506	1.2176	1.032	1.5207	1.2176	0.1506
ATM_exon34	11	1.2792	0.1952	1.3455	0.93	1.6185	1.3455	0.1952
ATM_exon35	11	1.1316	0.124	1.1756	0.9326	1.2931	1.1756	0.124
ATM_exon36	11	1.1273	0.0891	1.1305	0.9815	1.2625	1.1305	0.0891
ATM_exon37	11	1.1621	0.1383	1.1548	0.9679	1.4903	1.1548	0.1383
ATM_exon38	11	1.2245	0.1434	1.2382	0.9828	1.4396	1.2382	0.1434
ATM_exon39	11	1.2707	0.0677	1.2705	1.1264	1.4009	1.2705	0.0677
ATM_exon4	11	1.191	0.1631	1.1217	0.9119	1.4388	1.1217	0.1631
ATM_exon40	11	0.977	0.0601	0.9721	0.8746	1.104	0.9721	0.0601
ATM_exon41	11	1.0397	0.1365	1.0151	0.8848	1.2795	1.0151	0.1365
ATM_exon42	11	0.7688	0.0533	0.7715	0.6938	0.8579	0.7715	0.0533
ATM_exon43	11	1.0758	0.1129	1.0846	0.7813	1.1851	1.0846	0.1129
ATM_exon44	11	0.9534	0.0558	0.9508	0.8791	1.0712	0.9508	0.0558
ATM_exon45	11	1.3212	0.091	1.2989	1.2119	1.4813	1.2989	0.091
ATM_exon46	11	1.2688	0.0848	1.2755	1.1558	1.4552	1.2755	0.0848
ATM_exon47	11	1.1496	0.1116	1.1308	1.0173	1.3825	1.1308	0.1116
ATM_exon48	11	1.1114	0.0891	1.1267	0.9582	1.2302	1.1267	0.0891
ATM_exon49	11	1.1952	0.0897	1.2255	1.0354	1.3294	1.2255	0.0897
ATM_exon5	11	1.2271	0.1276	1.2587	1.0338	1.4009	1.2587	0.1276
ATM_exon50	11	1.2949	0.0776	1.2688	1.1543	1.4109	1.2688	0.0776
ATM_exon51	11	1.2172	0.1227	1.194	0.9933	1.3924	1.194	0.1227
ATM_exon52	11	1.2734	0.1271	1.3341	1.0504	1.4312	1.3341	0.1271
ATM_exon53	11	1.085	0.0594	1.0967	0.9653	1.1545	1.0967	0.0594
ATM_exon54	11	1.2264	0.0748	1.2549	1.0948	1.3131	1.2549	0.0748
ATM_exon55	11	1.1751	0.1204	1.1592	1.0015	1.3613	1.1592	0.1204
ATM_exon56	11	1.2368	0.1819	1.2735	0.9538	1.4612	1.2735	0.1819
ATM_exon57	11	1.3037	0.0679	1.3301	1.1952	1.3898	1.3301	0.0679
ATM_exon58	11	1.4248	0.0632	1.4038	1.3402	1.5196	1.4038	0.0632
ATM_exon59	11	1.1346	0.0948	1.1068	1.0298	1.3305	1.1068	0.0948
ATM_exon6	11	1.2804	0.085	1.2786	1.1372	1.4054	1.2786	0.085
ATM_exon60	11	1.3539	0.0794	1.3485	1.257	1.4869	1.3485	0.0794
ATM_exon7	11	1.0879	0.0776	1.1062	0.9821	1.2291	1.1062	0.0776
ATM_exon8	11	1.1559	0.0492	1.1604	1.0767	1.2212	1.1604	0.0492
ATM_exon9	11	1.2762	0.1088	1.2724	1.0319	1.4332	1.2724	0.1088
ATR_exon1	11	1.2003	0.0894	1.1667	1.0997	1.3635	1.1667	0.0894
ATR_exon10	11	1.1922	0.0864	1.1935	1.0497	1.3562	1.1935	0.0864
ATR_exon11	11	1.2789	0.1039	1.2856	1.1117	1.4499	1.2856	0.1039
ATR_exon12	11	1.3074	0.1623	1.2692	1.0372	1.5264	1.2692	0.1623
ATR_exon13	11	0.8746	0.0595	0.8945	0.7848	0.977	0.8945	0.0595
ATR_exon14	11	0.9964	0.0643	0.9801	0.9026	1.1088	0.9801	0.0643
ATR_exon15	11	0.934	0.1237	0.9226	0.7456	1.1792	0.9226	0.1237
ATR_exon16	11	1.0599	0.0675	1.0729	0.9425	1.1946	1.0729	0.0675
ATR_exon17	11	0.8356	0.0742	0.846	0.7193	0.936	0.846	0.0742
ATR_exon18	11	1.1285	0.1421	1.1293	0.9773	1.4625	1.1293	0.1421
ATR_exon19	11	1.1859	0.1467	1.1835	0.992	1.4129	1.1835	0.1467
ATR_exon2	11	1.438	0.1873	1.3733	1.2294	1.6816	1.3733	0.1873
ATR_exon20	11	0.9734	0.0502	0.9671	0.9095	1.0696	0.9671	0.0502
ATR_exon21	11	0.9259	0.038	0.9218	0.8662	0.9963	0.9218	0.038
ATR_exon22	11	1.1008	0.1442	1.0489	0.9212	1.3267	1.0489	0.1442
ATR_exon23	11	1.3103	0.0988	1.2959	1.1287	1.4627	1.2959	0.0988
ATR_exon24	11	1.1082	0.1022	1.1046	0.8983	1.2748	1.1046	0.1022
ATR_exon25	11	1.1267	0.1133	1.1202	0.8729	1.3166	1.1202	0.1133
ATR_exon26	11	0.9266	0.0463	0.9318	0.8507	1.0063	0.9318	0.0463
ATR_exon27	11	1.1781	0.0914	1.16	1.0906	1.39	1.16	0.0914
ATR_exon28	11	0.9526	0.1182	0.9822	0.6556	1.1122	0.9822	0.1182
ATR_exon29	11	1.0419	0.1459	1.0313	0.8323	1.237	1.0313	0.1459
ATR_exon3	11	1.3757	0.129	1.3667	1.2396	1.6906	1.3667	0.129
ATR_exon30	11	0.927	0.1626	0.9245	0.5607	1.0928	0.9245	0.1626
ATR_exon31	11	1.2249	0.1471	1.2625	0.8397	1.365	1.2625	0.1471
ATR_exon32	11	1.1667	0.1562	1.1852	0.9347	1.424	1.1852	0.1562
ATR_exon33	11	1.1781	0.095	1.1947	0.9681	1.2937	1.1947	0.095
ATR_exon34	11	1.0956	0.0906	1.1376	0.9612	1.2009	1.1376	0.0906
ATR_exon35	11	1.3776	0.0596	1.3859	1.2858	1.4527	1.3859	0.0596
ATR_exon36	11	1.3625	0.0685	1.3482	1.2551	1.513	1.3482	0.0685
ATR_exon37	11	1.4058	0.1428	1.3774	1.2262	1.6817	1.3774	0.1428
ATR_exon38	11	1.3785	0.0988	1.3869	1.1765	1.5292	1.3869	0.0988
ATR_exon39	11	1.2622	0.0732	1.2655	1.1426	1.4123000000000001	1.2655	0.0732
ATR_exon4	11	1.115	0.1251	1.1508	0.7937	1.2888	1.1508	0.1251
ATR_exon40	11	1.3724	0.1215	1.3471	1.2164	1.5348	1.3471	0.1215
ATR_exon41	11	1.2629	0.1513	1.1964	1.0875	1.5716	1.1964	0.1513
ATR_exon42	11	1.2862	0.073	1.2942	1.1421	1.4151	1.2942	0.073
ATR_exon43	11	1.0391	0.0835	1.0367	0.9228	1.1816	1.0367	0.0835
ATR_exon44	11	1.3822	0.0958	1.3871	1.2257	1.5209	1.3871	0.0958
ATR_exon45	11	0.9255	0.0572	0.9336	0.8252	1.0098	0.9336	0.0572
ATR_exon46	11	1.1342	0.1891	1.2199	0.8843	1.3387	1.2199	0.1891
ATR_exon47	11	0.6028	0.1298	0.5845	0.437	0.8134	0.5845	0.1298
ATR_exon5	11	1.224	0.1238	1.2789	0.9386	1.3401	1.2789	0.1238
ATR_exon6	11	1.1959	0.1093	1.1973	0.9428	1.3955	1.1973	0.1093
ATR_exon7	11	1.2438	0.1369	1.2179	1.0595	1.4386	1.2179	0.1369
ATR_exon8	11	1.0449	0.119	1.0347	0.9063	1.198	1.0347	0.119
ATR_exon9	11	0.9001	0.0764	0.8868	0.7982	1.0554	0.8868	0.0764
BAX_exon1	11	0.1203	0.0426	0.1072	0.0742	0.1861	0.1072	0.0426
BAX_exon2	11	1.0461	0.1271	1.0491	0.8424	1.2486	1.0491	0.1271
BAX_exon3	11	0.8922	0.0996	0.8966	0.7171	1.045	0.8966	0.0996
BAX_exon4	11	0.5889	0.0908	0.5833	0.4208	0.7159	0.5833	0.0908
BAX_exon5	11	0.366	0.0875	0.368	0.2516	0.4936	0.368	0.0875
BAX_exon6	11	1.1412	0.1399	1.1399	0.9561	1.3913	1.1399	0.1399
BAX_exon7	11	0.6599	0.0545	0.671	0.575	0.7356	0.671	0.0545
BCL7A_exon1	11	0.1061	0.0348	0.1015	0.056	0.1811	0.1015	0.0348
BCL7A_exon2	11	0.6998	0.1337	0.7181	0.5071	0.8783	0.7181	0.1337
BCL7A_exon3	11	1.1897	0.1693	1.1704	0.9704	1.4334	1.1704	0.1693
BCL7A_exon4	11	0.71	0.1374	0.6535	0.5454	0.9405	0.6535	0.1374
BCL7A_exon5	11	0.99	0.1284	0.9822	0.826	1.2377	0.9822	0.1284
BCL7A_exon6	11	1.2219	0.1191	1.1679	1.1193	1.526	1.1679	0.1191
BIRC2_exon1	11	1.1469	0.1618	1.2063	0.9127	1.416	1.2063	0.1618
BIRC2_exon10	11	1.0912	0.116	1.1328	0.8399	1.245	1.1328	0.116
BIRC2_exon2	11	1.3841	0.1118	1.4043	1.2019	1.5469	1.4043	0.1118
BIRC2_exon3	11	1.35	0.0449	1.3519	1.2945	1.4621	1.3519	0.0449
BIRC2_exon4	11	1.4286	0.2045	1.4448	1.1085	1.6812	1.4448	0.2045
BIRC2_exon5	11	1.3466	0.1544	1.4041	1.1262	1.5875	1.4041	0.1544
BIRC2_exon6	11	1.0885	0.1361	1.0915	0.8767	1.2996	1.0915	0.1361
BIRC2_exon7	11	1.298	0.122	1.2847	1.1437	1.4803	1.2847	0.122
BIRC2_exon8	11	1.2538	0.0486	1.2495	1.1834	1.3338	1.2495	0.0486
BIRC2_exon9	11	1.4087	0.1462	1.4005	1.0699	1.5645	1.4005	0.1462
BIRC3_exon1	11	1.5396	0.1624	1.5259	1.2648	1.8413	1.5259	0.1624
BIRC3_exon2	11	1.2749	0.0952	1.2697	1.1255	1.422	1.2697	0.0952
BIRC3_exon3	11	0.7394	0.0622	0.7291	0.6582	0.8831	0.7291	0.0622
BIRC3_exon4	11	0.9834	0.0762	0.9702	0.8724	1.0903	0.9702	0.0762
BIRC3_exon5	11	0.9584	0.1324	0.9179	0.8123	1.1733	0.9179	0.1324
BIRC3_exon6	11	1.376	0.1673	1.3765	1.089	1.7275	1.3765	0.1673
BIRC3_exon7	11	1.4037	0.1542	1.445	1.1386	1.6571	1.445	0.1542
BIRC3_exon8	11	1.3497	0.1376	1.3163	1.1634	1.5416	1.3163	0.1376
BRAF_exon1	11	0.9605	0.0732	0.9431	0.8322	1.0692	0.9431	0.0732
BRAF_exon10	11	1.1681	0.1139	1.1781	0.9074	1.3131	1.1781	0.1139
BRAF_exon11	11	1.1953	0.1816	1.224	0.9879	1.4191	1.224	0.1816
BRAF_exon12	11	1.3067	0.0955	1.2711	1.1867	1.5391	1.2711	0.0955
BRAF_exon13	11	0.5272	0.118	0.4986	0.3632	0.74	0.4986	0.118
BRAF_exon14	11	1.2756	0.1192	1.2663	1.1267	1.5119	1.2663	0.1192
BRAF_exon15	11	0.869	0.0628	0.8612	0.793	0.9571	0.8612	0.0628
BRAF_exon16	11	1.1309	0.0905	1.1366	0.9475	1.28	1.1366	0.0905
BRAF_exon17	11	1.2809	0.1536	1.2884	0.9946	1.4822	1.2884	0.1536
BRAF_exon18	11	1.2042	0.1249	1.2293	1.0027	1.4327	1.2293	0.1249
BRAF_exon19	11	1.1855	0.1263	1.2085	0.9211	1.3309	1.2085	0.1263
BRAF_exon2	11	0.6255	0.0695	0.5947	0.5445	0.7332	0.5947	0.0695
BRAF_exon20	11	0.8654	0.1252	0.8845	0.7249	1.067	0.8845	0.1252
BRAF_exon21	11	0.8763	0.1391	0.8773	0.6456	1.0777	0.8773	0.1391
BRAF_exon22	11	1.1922	0.1032	1.2116	0.9983	1.3987	1.2116	0.1032
BRAF_exon23	11	1.1699	0.1719	1.1782	0.9152	1.4159	1.1782	0.1719
BRAF_exon24	11	1.2057	0.1283	1.2473	0.9754	1.383	1.2473	0.1283
BRAF_exon25	11	1.09	0.1441	1.0371	0.8763	1.2824	1.0371	0.1441
BRAF_exon26	11	0.9365	0.1596	0.9931	0.6384	1.155	0.9931	0.1596
BRAF_exon27	11	0.2077	0.0785	0.2042	0.1028	0.3221	0.2042	0.0785
BRAF_exon3	11	1.3756	0.1437	1.3374	1.1581	1.6396	1.3374	0.1437
BRAF_exon4	11	1.0148	0.1434	1.0373000000000001	0.7368	1.1951	1.0373000000000001	0.1434
BRAF_exon5	11	1.1814	0.1893	1.1941	0.8969	1.4597	1.1941	0.1893
BRAF_exon6	11	1.2751	0.1168	1.304	0.9709	1.3803	1.304	0.1168
BRAF_exon7	11	1.3511	0.0929	1.3622	1.1118	1.4766	1.3622	0.0929
BRAF_exon8	11	1.5235	0.1275	1.4973	1.2649	1.7073	1.4973	0.1275
BRAF_exon9	11	1.0056	0.1148	1.0049	0.8111	1.1974	1.0049	0.1148
BTG1_exon1	11	0.9238	0.1027	0.9258	0.748	1.0611	0.9258	0.1027
BTG1_exon2	11	1.0552	0.1137	1.0572	0.9172	1.3294	1.0572	0.1137
BTG1_exon3	11	0.2351	0.0864	0.2428	0.137	0.3906	0.2428	0.0864
CARD11_exon1	11	0.612	0.1447	0.569	0.4605	0.8527	0.569	0.1447
CARD11_exon10	11	0.6433	0.1339	0.6392	0.4485	0.7814	0.6392	0.1339
CARD11_exon11	11	0.325	0.1234	0.2565	0.2069	0.5316	0.2565	0.1234
CARD11_exon12	11	0.4747	0.0718	0.5013	0.359	0.5739	0.5013	0.0718
CARD11_exon13	11	1.1258	0.1589	1.118	0.8183	1.3289	1.118	0.1589
CARD11_exon14	11	0.5119	0.1123	0.4708	0.379	0.705	0.4708	0.1123
CARD11_exon15	11	0.2474	0.1416	0.1586	0.1171	0.4446	0.1586	0.1416
CARD11_exon16	11	1.0091	0.1071	0.9755	0.9198	1.2827	0.9755	0.1071
CARD11_exon17	11	0.8793	0.1449	0.9332	0.6983	1.0997	0.9332	0.1449
CARD11_exon18	11	0.963	0.1477	0.9232	0.7453	1.2701	0.9232	0.1477
CARD11_exon19	11	0.8817	0.1338	0.8967	0.6686	1.0622	0.8967	0.1338
CARD11_exon2	11	0.6245	0.1366	0.5946	0.4404	0.852	0.5946	0.1366
CARD11_exon20	11	0.5121	0.1395	0.4427	0.3069	0.7469	0.4427	0.1395
CARD11_exon21	11	1.3748	0.2004	1.3291	1.1437	1.9076	1.3291	0.2004
CARD11_exon22	11	1.1421	0.1189	1.1432	0.9802	1.3535	1.1432	0.1189
CARD11_exon23	11	1.1052	0.0508	1.1083	1.0282	1.2125	1.1083	0.0508
CARD11_exon24	11	0.9163	0.087	0.9054	0.7758	1.0483	0.9054	0.087
CARD11_exon25	11	1.0733	0.1229	1.0821	0.8918	1.249	1.0821	0.1229
CARD11_exon26	11	0.6837	0.1506	0.6563	0.4509	0.9289	0.6563	0.1506
CARD11_exon3	11	1.0007	0.1569	1.0051	0.7738	1.2925	1.0051	0.1569
CARD11_exon4	11	0.4994	0.1542	0.425	0.2862	0.7414	0.425	0.1542
CARD11_exon5	11	0.5442	0.1226	0.509	0.3634	0.6928	0.509	0.1226
CARD11_exon6	11	0.8682	0.1168	0.8352	0.7304	1.0319	0.8352	0.1168
CARD11_exon7	11	0.6772	0.1138	0.6425	0.5357	0.8827	0.6425	0.1138
CARD11_exon8	11	0.2594	0.0781	0.2356	0.1782	0.3978	0.2356	0.0781
CARD11_exon9	11	0.7203	0.1466	0.647	0.5566	0.9262	0.647	0.1466
CCND1_exon1	11	0.4152	0.1208	0.4009	0.2093	0.6198	0.4009	0.1208
CCND1_exon2	11	0.4546	0.1406	0.3905	0.3085	0.6557	0.3905	0.1406
CCND1_exon3	11	1.183	0.1716	1.1398	1.0185	1.5859	1.1398	0.1716
CCND1_exon4	11	0.4493	0.0894	0.4445	0.2861	0.5585	0.4445	0.0894
CCND1_exon5	11	0.3628	0.0778	0.3364	0.2648	0.4773	0.3364	0.0778
CCND1_exon6	11	0.6275	0.1617	0.5158	0.4597	0.865	0.5158	0.1617
CD19_exon1	11	0.7125	0.1323	0.6604	0.5203	0.9394	0.6604	0.1323
CD19_exon2	11	0.3308	0.0696	0.3144	0.2473	0.4654	0.3144	0.0696
CD19_exon3	11	0.5585	0.1355	0.5273	0.3902	0.7667	0.5273	0.1355
CD19_exon4	11	0.8965	0.1488	0.9128	0.6886	1.0801	0.9128	0.1488
CD19_exon5	11	1.2236	0.1321	1.1969	1.0592	1.5244	1.1969	0.1321
CD19_exon6	11	0.842	0.077	0.8362	0.741	0.9912	0.8362	0.077
CD19_exon7	11	0.3869	0.1124	0.3752	0.2344	0.5387	0.3752	0.1124
CD19_exon8	11	0.8432	0.1253	0.8327	0.6732	1.0105	0.8327	0.1253
CD19_exon9	11	0.9599	0.13	0.9134	0.8069	1.1349	0.9134	0.13
CD27_exon1	11	0.3063	0.1337	0.2226	0.1456	0.5341	0.2226	0.1337
CD27_exon2	11	0.771	0.2103	0.6928	0.4928	1.0602	0.6928	0.2103
CD27_exon3	11	1.0519	0.1424	1.0163	0.8947	1.291	1.0163	0.1424
CD27_exon4	11	1.0192	0.0947	0.9981	0.9152	1.1984	0.9981	0.0947
CD27_exon5	11	0.5421	0.1074	0.5074	0.4321	0.7246	0.5074	0.1074
CD38_exon1	11	0.4197	0.101	0.4087	0.271	0.5404	0.4087	0.101
CD38_exon2	11	1.0315	0.1074	1.0451	0.8317	1.2105	1.0451	0.1074
CD38_exon3	11	0.7268	0.1247	0.6716	0.5517	0.9202	0.6716	0.1247
CD38_exon4	11	1.167	0.0876	1.2092	1.0623	1.2852	1.2092	0.0876
CD38_exon5	11	1.0488	0.0747	1.0257	0.9689	1.2111	1.0257	0.0747
CD38_exon6	11	0.9643	0.0756	0.9476	0.8712	1.1104	0.9476	0.0756
CD38_exon7	11	1.121	0.1178	1.0901	0.9255	1.2949	1.0901	0.1178
CD38_exon8	11	1.1452	0.0755	1.1412	1.0196	1.2681	1.1412	0.0755
CDKN1B_exon1	11	0.7585	0.0974	0.7224	0.6578	0.997	0.7224	0.0974
CDKN1B_exon2	11	1.1213	0.1557	1.0948	0.9373	1.4862	1.0948	0.1557
CDKN1B_exon3	11	1.3472	0.0921	1.3249	1.1981	1.5182	1.3249	0.0921
CDKN2C_exon1	11	1.0975	0.081	1.0946	0.9697	1.2921	1.0946	0.081
CDKN2C_exon2	11	0.8929	0.1339	0.9039	0.6401	1.1234	0.9039	0.1339
CKS1B_exon1	11	0.658	0.1226	0.6963	0.4728	0.8396	0.6963	0.1226
CKS1B_exon2	11	1.1344	0.0948	1.118	1.0028	1.3354	1.118	0.0948
CKS1B_exon3	11	0.7438	0.0906	0.7589	0.6189	0.8764	0.7589	0.0906
CRBN_exon1	11	1.0553	0.0839	1.0257	0.9563	1.2653	1.0257	0.0839
CRBN_exon10	11	1.2585	0.1	1.2679	1.0922	1.3731	1.2679	0.1
CRBN_exon11	11	0.2641	0.1311	0.2237	0.1095	0.462	0.2237	0.1311
CRBN_exon2	11	1.0166	0.0757	1.0172	0.8798	1.1822	1.0172	0.0757
CRBN_exon3	11	1.1835	0.1541	1.1726	0.9148	1.3678	1.1726	0.1541
CRBN_exon4	11	1.1466	0.13	1.1123	0.8923	1.3296	1.1123	0.13
CRBN_exon5	11	1.1299	0.0719	1.1193	1.0173	1.2709	1.1193	0.0719
CRBN_exon6	11	1.1821	0.1099	1.1847	1.035	1.3359	1.1847	0.1099
CRBN_exon7	11	0.9561	0.101	0.9799	0.6771	1.0726	0.9799	0.101
CRBN_exon8	11	1.3078	0.1805	1.3048	1.0702	1.5678	1.3048	0.1805
CRBN_exon9	11	1.4087	0.0852	1.3969	1.3148	1.5768	1.3969	0.0852
CUL4B_exon1	11	0.9697	0.3317	0.7642	0.6682	1.4419	0.7642	0.3317
CUL4B_exon10	11	0.8406	0.2884	0.7924	0.5153	1.4565	0.7924	0.2884
CUL4B_exon11	11	0.9356	0.3242	0.7214	0.6446	1.4315	0.7214	0.3242
CUL4B_exon12	11	0.8251	0.2866	0.7028	0.5218	1.3008	0.7028	0.2866
CUL4B_exon13	11	0.9749	0.3334	0.8356	0.5987	1.47	0.8356	0.3334
CUL4B_exon14	11	0.9701	0.3731	0.8314	0.502	1.5005	0.8314	0.3731
CUL4B_exon15	11	0.932	0.3047	0.8193	0.6035	1.5063	0.8193	0.3047
CUL4B_exon16	11	0.8773	0.3103	0.7314	0.566	1.3314	0.7314	0.3103
CUL4B_exon17	11	0.8961	0.3221	0.7001	0.5561	1.4053	0.7001	0.3221
CUL4B_exon18	11	0.892	0.2962	0.7626	0.5852	1.3757	0.7626	0.2962
CUL4B_exon19	11	0.9076	0.2932	0.7242	0.6425	1.3499	0.7242	0.2932
CUL4B_exon2	11	0.8811	0.2776	0.7426	0.6126	1.4146	0.7426	0.2776
CUL4B_exon20	11	0.8478	0.2886	0.7197	0.5885	1.3666	0.7197	0.2886
CUL4B_exon21	11	0.823	0.2751	0.6934	0.5314	1.2558	0.6934	0.2751
CUL4B_exon22	11	0.0998	0.0544	0.0877	0.0376	0.2066	0.0877	0.0544
CUL4B_exon23	11	0.925	0.3331	0.7029	0.617	1.3979	0.7029	0.3331
CUL4B_exon3	11	0.8131	0.2584	0.705	0.537	1.2126	0.705	0.2584
CUL4B_exon4	11	0.9011	0.2858	0.7219	0.6181	1.346	0.7219	0.2858
CUL4B_exon5	11	0.7346	0.2431	0.6169	0.5009	1.1484	0.6169	0.2431
CUL4B_exon6	11	0.8948	0.2894	0.7371	0.5864	1.3254	0.7371	0.2894
CUL4B_exon7	11	0.8345	0.3137	0.6903	0.5077	1.4141	0.6903	0.3137
CUL4B_exon8	11	0.8368	0.3312	0.6635	0.4902	1.358	0.6635	0.3312
CUL4B_exon9	11	0.7995	0.2907	0.6178	0.4634	1.2918	0.6178	0.2907
CYLD_exon1	11	1.145	0.104	1.1182	0.9052	1.262	1.1182	0.104
CYLD_exon10	11	1.2576	0.1046	1.2545	1.1458	1.4521	1.2545	0.1046
CYLD_exon11	11	1.1764	0.0773	1.1809	1.0748	1.3114	1.1809	0.0773
CYLD_exon12	11	1.1846	0.1436	1.1822	0.9051	1.4434	1.1822	0.1436
CYLD_exon13	11	1.2704	0.0782	1.2766	1.1632	1.4067	1.2766	0.0782
CYLD_exon14	11	1.0446	0.2128	1.0313	0.7437	1.3341	1.0313	0.2128
CYLD_exon15	11	1.0173	0.1162	0.9992	0.8927	1.2288	0.9992	0.1162
CYLD_exon16	11	1.1423	0.1949	1.2135	0.8513	1.3643	1.2135	0.1949
CYLD_exon17	11	1.0274	0.0632	1.0353	0.9349	1.1185	1.0353	0.0632
CYLD_exon18	11	0.8921	0.1123	0.929	0.7335	1.0369	0.929	0.1123
CYLD_exon19	11	0.9184	0.1039	0.8996	0.785	1.0781	0.8996	0.1039
CYLD_exon2	11	1.0232	0.0951	1.0387	0.8075	1.1742	1.0387	0.0951
CYLD_exon20	11	1.074	0.0684	1.063	0.9434	1.1698	1.063	0.0684
CYLD_exon21	11	0.4598	0.0706	0.4487	0.3685	0.5653	0.4487	0.0706
CYLD_exon3	11	1.1326	0.0957	1.1565	0.9562	1.2691	1.1565	0.0957
CYLD_exon4	11	0.9801	0.1381	1.0262	0.7688	1.1649	1.0262	0.1381
CYLD_exon5	11	1.2808	0.17	1.2777	0.9184	1.5478	1.2777	0.17
CYLD_exon6	11	0.8063	0.1274	0.8147	0.4908	0.9255	0.8147	0.1274
CYLD_exon7	11	1.0832	0.1502	1.0734	0.7843	1.3365	1.0734	0.1502
CYLD_exon8	11	1.1117	0.0638	1.1251	0.9926	1.1804	1.1251	0.0638
CYLD_exon9	11	1.0661	0.0472	1.0413	1.0061	1.1411	1.0413	0.0472
DDB1_exon1	11	0.635	0.1404	0.5709	0.4751	0.8249	0.5709	0.1404
DDB1_exon10	11	0.8467	0.0986	0.8588	0.6903	1.0217	0.8588	0.0986
DDB1_exon11	11	0.897	0.1205	0.9429	0.738	1.106	0.9429	0.1205
DDB1_exon12	11	1.3484	0.1035	1.3467	1.1284	1.5185	1.3467	0.1035
DDB1_exon13	11	1.0575	0.072	1.0319	0.9449	1.169	1.0319	0.072
DDB1_exon14	11	1.233	0.0965	1.2489	1.0198	1.3771	1.2489	0.0965
DDB1_exon15	11	1.1231	0.1225	1.1098	0.9985	1.2876	1.1098	0.1225
DDB1_exon16	11	1.2897	0.0749	1.2802	1.1831	1.4496	1.2802	0.0749
DDB1_exon17	11	1.2022	0.0887	1.1956	1.0642	1.3512	1.1956	0.0887
DDB1_exon18	11	1.2383	0.0763	1.2293	1.1203	1.3574	1.2293	0.0763
DDB1_exon19	11	1.1781	0.1186	1.1751	1.026	1.3303	1.1751	0.1186
DDB1_exon2	11	1.0328	0.1242	1.0331	0.846	1.1914	1.0331	0.1242
DDB1_exon20	11	1.0921	0.0905	1.0979	0.9097	1.2184	1.0979	0.0905
DDB1_exon21	11	1.0095	0.0812	0.9793	0.9183	1.1623000000000001	0.9793	0.0812
DDB1_exon22	11	1.2991	0.0693	1.2971	1.179	1.3953	1.2971	0.0693
DDB1_exon23	11	1.1181	0.0598	1.1243	1.0038	1.2049	1.1243	0.0598
DDB1_exon24	11	1.0714	0.1072	1.0465	0.9461	1.294	1.0465	0.1072
DDB1_exon25	11	0.3266	0.0813	0.3286	0.2203	0.4594	0.3286	0.0813
DDB1_exon3	11	0.9422	0.1072	0.9382	0.8052	1.1403	0.9382	0.1072
DDB1_exon4	11	1.0189	0.141	1.0628	0.768	1.1963	1.0628	0.141
DDB1_exon5	11	0.8208	0.1162	0.7859	0.6003	0.9724	0.7859	0.1162
DDB1_exon6	11	1.3644	0.1789	1.3235	1.1443	1.7117	1.3235	0.1789
DDB1_exon7	11	0.7974	0.1405	0.7783	0.6379	1.0357	0.7783	0.1405
DDB1_exon8	11	1.2247	0.0597	1.2222	1.1519	1.3063	1.2222	0.0597
DDB1_exon9	11	1.2124	0.0764	1.1766	1.1139	1.3496	1.1766	0.0764
DIS3_exon1	11	0.9587	0.0894	0.9818	0.7479	1.0489	0.9818	0.0894
DIS3_exon10	11	1.3675	0.1475	1.4552	1.1603	1.531	1.4552	0.1475
DIS3_exon11	11	1.2586	0.1286	1.2684	1.0553	1.4905	1.2684	0.1286
DIS3_exon12	11	1.3977	0.1043	1.3797	1.2114	1.5396	1.3797	0.1043
DIS3_exon13	11	1.2112	0.0977	1.2094	1.0735	1.3549	1.2094	0.0977
DIS3_exon14	11	1.1485	0.058	1.1432	1.0677	1.258	1.1432	0.058
DIS3_exon15	11	1.0666	0.1112	1.0959	0.7872	1.1999	1.0959	0.1112
DIS3_exon16	11	1.1773	0.1521	1.1606	0.8736	1.4142	1.1606	0.1521
DIS3_exon17	11	1.244	0.1677	1.2221	0.9817	1.5293	1.2221	0.1677
DIS3_exon18	11	1.2325	0.1397	1.2528	1.0381	1.4336	1.2528	0.1397
DIS3_exon19	11	1.0759	0.0833	1.0752	0.9491	1.1916	1.0752	0.0833
DIS3_exon2	11	1.2343	0.1635	1.2671	0.8826	1.4694	1.2671	0.1635
DIS3_exon20	11	1.0058	0.0932	0.9877	0.8971	1.2085	0.9877	0.0932
DIS3_exon21	11	0.7676	0.1011	0.7789	0.6326	0.9287	0.7789	0.1011
DIS3_exon3	11	1.3389	0.1465	1.3268	1.0782	1.5125	1.3268	0.1465
DIS3_exon4	11	1.3492	0.0804	1.3228	1.2354	1.4701	1.3228	0.0804
DIS3_exon5	11	1.3529	0.1196	1.3247	1.1286	1.5745	1.3247	0.1196
DIS3_exon6	11	1.0727	0.1449	1.0723	0.8685	1.315	1.0723	0.1449
DIS3_exon7	11	1.1481	0.1206	1.1315	0.9721	1.3111	1.1315	0.1206
DIS3_exon8	11	0.8866	0.1058	0.8617	0.7327	1.0464	0.8617	0.1058
DIS3_exon9	11	1.1461	0.1432	1.2215	0.9029	1.2821	1.2215	0.1432
DNAH5_exon1	11	1.265	0.0873	1.2798	1.1177	1.4404	1.2798	0.0873
DNAH5_exon10	11	1.2055	0.051	1.2014	1.1009	1.2634	1.2014	0.051
DNAH5_exon11	11	1.0096	0.0884	1.0262	0.8642	1.1441	1.0262	0.0884
DNAH5_exon12	11	0.973	0.0983	0.966	0.8334	1.1466	0.966	0.0983
DNAH5_exon13	11	1.0492	0.0992	1.0414	0.9244	1.2913	1.0414	0.0992
DNAH5_exon14	11	0.8676	0.0817	0.8626	0.7516	1.0462	0.8626	0.0817
DNAH5_exon15	11	0.9562	0.077	0.9483	0.7987	1.0676	0.9483	0.077
DNAH5_exon16	11	1.0894	0.0717	1.0924	0.9775	1.2033	1.0924	0.0717
DNAH5_exon17	11	0.898	0.115	0.8779	0.7316	1.0979	0.8779	0.115
DNAH5_exon18	11	1.2056	0.0422	1.2122	1.1147	1.2523	1.2122	0.0422
DNAH5_exon19	11	1.2032	0.1061	1.1703	1.0433	1.3584	1.1703	0.1061
DNAH5_exon2	11	0.9056	0.0976	0.9276	0.739	1.1077	0.9276	0.0976
DNAH5_exon20	11	1.2001	0.1075	1.2062	1.053	1.4006	1.2062	0.1075
DNAH5_exon21	11	0.8888	0.1345	0.8075	0.7399	1.0947	0.8075	0.1345
DNAH5_exon22	11	1.362	0.1119	1.3653	1.1587	1.5451	1.3653	0.1119
DNAH5_exon23	11	1.1571	0.1041	1.1709	0.9938	1.3425	1.1709	0.1041
DNAH5_exon24	11	1.2368	0.0656	1.2718	1.1374	1.3202	1.2718	0.0656
DNAH5_exon25	11	1.2072	0.0641	1.2338	1.0609	1.2673	1.2338	0.0641
DNAH5_exon26	11	1.2053	0.0942	1.2439	1.0295	1.3123	1.2439	0.0942
DNAH5_exon27	11	1.2207	0.0762	1.2244	1.0883	1.373	1.2244	0.0762
DNAH5_exon28	11	1.3333	0.1771	1.2653	1.116	1.5869	1.2653	0.1771
DNAH5_exon29	11	1.2152	0.0891	1.1823	1.0836	1.3586	1.1823	0.0891
DNAH5_exon3	11	1.2988	0.0856	1.3128	1.137	1.4029	1.3128	0.0856
DNAH5_exon30	11	0.8043	0.0548	0.8137	0.711	0.8748	0.8137	0.0548
DNAH5_exon31	11	1.0117	0.0516	1.0228	0.9113	1.0796	1.0228	0.0516
DNAH5_exon32	11	1.344	0.1529	1.3506	1.1577	1.5871	1.3506	0.1529
DNAH5_exon33	11	1.1012	0.1176	1.1248	0.8907	1.2893	1.1248	0.1176
DNAH5_exon34	11	0.9282	0.0914	0.9369	0.79	1.0925	0.9369	0.0914
DNAH5_exon35	11	1.2861	0.11	1.2643	1.1264	1.4608	1.2643	0.11
DNAH5_exon36	11	1.195	0.0895	1.1651	1.0864	1.3554	1.1651	0.0895
DNAH5_exon37	11	1.1428	0.0776	1.1146	1.0598	1.328	1.1146	0.0776
DNAH5_exon38	11	0.6433	0.1079	0.6426	0.4679	0.8106	0.6426	0.1079
DNAH5_exon39	11	1.2322	0.0935	1.255	1.045	1.3769	1.255	0.0935
DNAH5_exon4	11	0.9185	0.0515	0.904	0.8365	0.9988	0.904	0.0515
DNAH5_exon40	11	1.0327	0.0723	1.0519	0.8917	1.1214	1.0519	0.0723
DNAH5_exon41	11	1.0026	0.0864	1.0435	0.8224	1.1029	1.0435	0.0864
DNAH5_exon42	11	1.206	0.0919	1.2042	1.0525	1.3664	1.2042	0.0919
DNAH5_exon43	11	0.9582	0.0783	0.9961	0.7972	1.0484	0.9961	0.0783
DNAH5_exon44	11	1.3493	0.106	1.3282	1.1701	1.5339	1.3282	0.106
DNAH5_exon45	11	1.241	0.0656	1.2212	1.1463	1.3901	1.2212	0.0656
DNAH5_exon46	11	1.0412	0.0737	1.0425	0.9272	1.1284	1.0425	0.0737
DNAH5_exon47	11	0.8449	0.0661	0.8527	0.7415	0.9559	0.8527	0.0661
DNAH5_exon48	11	0.9217	0.0451	0.9373	0.8432	0.9657	0.9373	0.0451
DNAH5_exon49	11	0.8954	0.0781	0.906	0.737	0.9941	0.906	0.0781
DNAH5_exon5	11	1.2287	0.0522	1.243	1.1695	1.3385	1.243	0.0522
DNAH5_exon50	11	0.9462	0.0564	0.9267	0.8669	1.0409	0.9267	0.0564
DNAH5_exon51	11	0.8916	0.0535	0.9023	0.8146	0.9672	0.9023	0.0535
DNAH5_exon52	11	0.7957	0.0597	0.7951	0.6986	0.9036	0.7951	0.0597
DNAH5_exon53	11	1.2609	0.0541	1.2675	1.1358	1.3404	1.2675	0.0541
DNAH5_exon54	11	0.9603	0.0602	0.9817	0.8233	1.0423	0.9817	0.0602
DNAH5_exon55	11	1.1916	0.0817	1.1515	1.1028	1.3634	1.1515	0.0817
DNAH5_exon56	11	1.1484	0.0549	1.1405	1.0675	1.2289	1.1405	0.0549
DNAH5_exon57	11	1.0951	0.2477	1.1165	0.7375	1.4127	1.1165	0.2477
DNAH5_exon58	11	1.2574	0.1468	1.3047	1.0231	1.4218	1.3047	0.1468
DNAH5_exon59	11	1.0509	0.1342	1.1034	0.8416	1.1981	1.1034	0.1342
DNAH5_exon6	11	0.9128	0.0594	0.894	0.8479	1.044	0.894	0.0594
DNAH5_exon60	11	1.0502	0.078	1.0674	0.8875	1.1818	1.0674	0.078
DNAH5_exon61	11	1.0902	0.0779	1.0976	0.9466	1.2143	1.0976	0.0779
DNAH5_exon62	11	1.21	0.0829	1.2531	1.0284	1.2816	1.2531	0.0829
DNAH5_exon63	11	1.0707	0.1269	1.0951	0.8067	1.2718	1.0951	0.1269
DNAH5_exon64	11	1.1708	0.0695	1.1578	1.0524	1.263	1.1578	0.0695
DNAH5_exon65	11	1.3353	0.0887	1.3008	1.2312	1.5107	1.3008	0.0887
DNAH5_exon66	11	1.2159	0.0592	1.2135	1.141	1.3249	1.2135	0.0592
DNAH5_exon67	11	1.0601	0.115	1.0685	0.8751	1.2616	1.0685	0.115
DNAH5_exon68	11	0.7929	0.0561	0.8141	0.6884	0.8419	0.8141	0.0561
DNAH5_exon69	11	1.2157	0.1145	1.223	0.9859	1.3703	1.223	0.1145
DNAH5_exon7	11	1.3025	0.126	1.3413	1.0556	1.5258	1.3413	0.126
DNAH5_exon70	11	0.9785	0.05	0.9921	0.8726	1.0281	0.9921	0.05
DNAH5_exon71	11	1.1882	0.0999	1.1562	1.0787	1.4365	1.1562	0.0999
DNAH5_exon72	11	1.2206	0.2352	1.2103	0.8908	1.6061	1.2103	0.2352
DNAH5_exon73	11	1.295	0.1272	1.2872	1.1398	1.5034	1.2872	0.1272
DNAH5_exon74	11	0.9156	0.1613	0.8894	0.6355	1.1684	0.8894	0.1613
DNAH5_exon75	11	1.1192	0.161	1.1293	0.7897	1.3316	1.1293	0.161
DNAH5_exon76	11	1.2303	0.1622	1.2745	0.9236	1.4065	1.2745	0.1622
DNAH5_exon77	11	1.386	0.073	1.3633	1.3082	1.4841	1.3633	0.073
DNAH5_exon78	11	1.0585	0.1047	1.0331	0.9385	1.2696	1.0331	0.1047
DNAH5_exon79	11	1.1499	0.096	1.0897	1.0515	1.3011	1.0897	0.096
DNAH5_exon8	11	0.9564	0.0972	0.9364	0.8457	1.1256	0.9364	0.0972
DNAH5_exon80	11	1.2508	0.0845	1.2488	1.1213	1.4404	1.2488	0.0845
DNAH5_exon81	11	1.0527	0.0892	1.0278	0.9457	1.1862	1.0278	0.0892
DNAH5_exon82	11	1.1349	0.081	1.1424	1.0317	1.3123	1.1424	0.081
DNAH5_exon83	11	1.1019	0.0849	1.118	0.9338	1.2268	1.118	0.0849
DNAH5_exon84	11	1.14	0.0713	1.1242	1.0499	1.3163	1.1242	0.0713
DNAH5_exon85	11	1.1143	0.0668	1.1322	0.9748	1.2445	1.1322	0.0668
DNAH5_exon9	11	0.8092	0.0852	0.8173	0.6968	1.0044	0.8173	0.0852
DTX1_exon1	11	0.4274	0.1308	0.3651	0.269	0.6239	0.3651	0.1308
DTX1_exon10	11	0.7104	0.1413	0.7091	0.5044	0.9464	0.7091	0.1413
DTX1_exon2	11	0.8027	0.1153	0.7465	0.6335	0.9534	0.7465	0.1153
DTX1_exon3	11	0.5397	0.1259	0.4934	0.369	0.7317	0.4934	0.1259
DTX1_exon4	11	0.4764	0.0876	0.4706	0.3765	0.5832	0.4706	0.0876
DTX1_exon5	11	0.2682	0.0792	0.2438	0.1477	0.3617	0.2438	0.0792
DTX1_exon6	11	0.9311	0.1106	0.9522	0.8029	1.0872	0.9522	0.1106
DTX1_exon7	11	0.9328	0.1439	0.9414	0.715	1.2871	0.9414	0.1439
DTX1_exon8	11	0.7735	0.0971	0.7594	0.6356	0.9266	0.7594	0.0971
DTX1_exon9	11	0.7819	0.1706	0.7145	0.5913	1.0428	0.7145	0.1706
DUSP2_exon1	11	0.6484	0.1461	0.6328	0.4579	0.8805	0.6328	0.1461
DUSP2_exon2	11	0.5599	0.1411	0.4813	0.3817	0.7869	0.4813	0.1411
DUSP2_exon3	11	0.2016	0.0721	0.1561	0.1238	0.3091	0.1561	0.0721
EGR1_exon1	11	0.8773	0.1403	0.86	0.6985	1.0799	0.86	0.1403
EGR1_exon2	11	0.5865	0.1612	0.5631	0.3474	0.8346	0.5631	0.1612
EGR1_exon3	11	0.8995	0.1953	0.8135	0.6475	1.2233	0.8135	0.1953
EGR1_exon4	11	1.0166	0.164	0.9514	0.794	1.2545	0.9514	0.164
EGR1_exon5	11	0.9414	0.1516	0.8844	0.7474	1.135	0.8844	0.1516
EVI5_exon1	11	1.0293	0.0661	1.0307	0.899	1.1439	1.0307	0.0661
EVI5_exon10	11	1.0979	0.1906	1.1523	0.8231	1.3368	1.1523	0.1906
EVI5_exon11	11	1.1066	0.1178	1.1181	0.9328	1.2856	1.1181	0.1178
EVI5_exon12	11	1.2746	0.085	1.2966	1.0922	1.432	1.2966	0.085
EVI5_exon13	11	1.3432	0.0946	1.3696	1.1499	1.4762	1.3696	0.0946
EVI5_exon14	11	1.2541	0.1026	1.2461	1.057	1.4178	1.2461	0.1026
EVI5_exon15	11	1.3599	0.1924	1.4078	1.105	1.6169	1.4078	0.1924
EVI5_exon16	11	1.0475	0.0908	1.0412	0.9018	1.2387	1.0412	0.0908
EVI5_exon17	11	0.9897	0.0664	0.9892	0.8777	1.1046	0.9892	0.0664
EVI5_exon18	11	0.9704	0.1437	0.9376	0.8026	1.1968	0.9376	0.1437
EVI5_exon19	11	1.2706	0.1156	1.2804	0.9925	1.4343	1.2804	0.1156
EVI5_exon2	11	1.4595	0.1143	1.4562	1.2519	1.6144	1.4562	0.1143
EVI5_exon3	11	1.0939	0.0879	1.095	0.9196	1.2521	1.095	0.0879
EVI5_exon4	11	0.9697	0.0935	0.9912	0.8349	1.0843	0.9912	0.0935
EVI5_exon5	11	1.1245	0.1641	1.175	0.895	1.3782	1.175	0.1641
EVI5_exon6	11	1.192	0.0986	1.2126	1.0173	1.3248	1.2126	0.0986
EVI5_exon7	11	1.1594	0.0442	1.1532	1.0894	1.2141	1.1532	0.0442
EVI5_exon8	11	1.0418	0.1515	1.1159	0.8449	1.2355	1.1159	0.1515
EVI5_exon9	11	1.2544	0.1504	1.2501	0.9671	1.4441	1.2501	0.1504
FAF1_exon1	11	0.6545	0.1004	0.6496	0.4413	0.7852	0.6496	0.1004
FAF1_exon10	11	0.9515	0.0996	0.9641	0.6853	1.0473	0.9641	0.0996
FAF1_exon11	11	1.1334	0.2372	1.0157	0.8674	1.5623	1.0157	0.2372
FAF1_exon12	11	1.283	0.1663	1.316	0.8307	1.4925	1.316	0.1663
FAF1_exon13	11	0.8086	0.0853	0.8029	0.6831	0.9899	0.8029	0.0853
FAF1_exon14	11	0.9364	0.0496	0.9383	0.8678	1.0085	0.9383	0.0496
FAF1_exon15	11	1.0867	0.0576	1.082	1.007	1.1984	1.082	0.0576
FAF1_exon16	11	0.995	0.0607	1.0075	0.9082	1.0864	1.0075	0.0607
FAF1_exon17	11	1.1911	0.1056	1.187	1.0404	1.432	1.187	0.1056
FAF1_exon18	11	1.2102	0.1655	1.2091	1.0179	1.5187	1.2091	0.1655
FAF1_exon19	11	1.2941	0.0965	1.2606	1.2101	1.5242	1.2606	0.0965
FAF1_exon2	11	1.3512	0.1508	1.3255	1.2168	1.7396	1.3255	0.1508
FAF1_exon20	11	1.0506	0.1094	1.0862	0.8902	1.2281	1.0862	0.1094
FAF1_exon21	11	1.0419	0.139	1.0457	0.6854	1.2049	1.0457	0.139
FAF1_exon22	11	0.5035	0.124	0.4786	0.3396	0.6723	0.4786	0.124
FAF1_exon3	11	1.2944	0.1077	1.303	1.1513	1.518	1.303	0.1077
FAF1_exon4	11	0.9787	0.0706	0.9654	0.9012	1.1335	0.9654	0.0706
FAF1_exon5	11	1.2472	0.0909	1.2413	1.1184	1.4334	1.2413	0.0909
FAF1_exon6	11	0.9705	0.0791	0.9652	0.8184	1.0999	0.9652	0.0791
FAF1_exon7	11	1.1211	0.1438	1.1967	0.875	1.2733	1.1967	0.1438
FAF1_exon8	11	1.1384	0.0816	1.1648	0.9858	1.2505	1.1648	0.0816
FAF1_exon9	11	1.1332	0.1589	1.1828	0.7036	1.2898	1.1828	0.1589
FAM46C_exon1	11	1.1732	0.1131	1.1282	1.0405	1.3451	1.1282	0.1131
FAM46C_exon2	11	1.2169	0.0811	1.2212	1.0887	1.346	1.2212	0.0811
FANCA_exon1	11	0.8331	0.1158	0.8137	0.684	1.0457	0.8137	0.1158
FANCA_exon10	11	0.7012	0.1569	0.7033	0.4874	0.8774	0.7033	0.1569
FANCA_exon11	11	0.6257	0.1472	0.5776	0.4222	0.8505	0.5776	0.1472
FANCA_exon12	11	1.0434	0.0821	1.0426	0.912	1.1985	1.0426	0.0821
FANCA_exon13	11	1.243	0.143	1.2538	1.0174	1.5244	1.2538	0.143
FANCA_exon14	11	1.1704	0.0623	1.1525	1.0996	1.3361	1.1525	0.0623
FANCA_exon15	11	1.0741	0.1876	1.0617	0.8289	1.487	1.0617	0.1876
FANCA_exon16	11	0.8857	0.132	0.8523	0.6986	1.1062	0.8523	0.132
FANCA_exon17	11	1.261	0.163	1.2006	1.06	1.6437	1.2006	0.163
FANCA_exon18	11	0.6843	0.1013	0.6595	0.5556	0.8095	0.6595	0.1013
FANCA_exon19	11	0.3729	0.101	0.3331	0.2573	0.5621	0.3331	0.101
FANCA_exon2	11	0.8883	0.1277	0.8245	0.7501	1.1418	0.8245	0.1277
FANCA_exon20	11	1.0589	0.1357	1.078	0.8849	1.2642	1.078	0.1357
FANCA_exon21	11	0.9343	0.0914	0.9486	0.7957	1.07	0.9486	0.0914
FANCA_exon22	11	0.8448	0.0657	0.8297	0.7402	0.9514	0.8297	0.0657
FANCA_exon23	11	0.2516	0.1117	0.2213	0.0994	0.4576	0.2213	0.1117
FANCA_exon24	11	1.0955	0.091	1.0855	0.9674	1.2152	1.0855	0.091
FANCA_exon25	11	1.1384	0.1417	1.1491	0.8661	1.3388	1.1491	0.1417
FANCA_exon26	11	0.9816	0.1336	0.9794	0.8096	1.1824	0.9794	0.1336
FANCA_exon27	11	0.8517	0.1492	0.7807	0.6622	1.0627	0.7807	0.1492
FANCA_exon28	11	0.9153	0.1442	0.8652	0.7221	1.141	0.8652	0.1442
FANCA_exon29	11	1.3086	0.1435	1.3092	1.1245	1.6133	1.3092	0.1435
FANCA_exon3	11	0.49	0.1513	0.4686	0.2907	0.7085	0.4686	0.1513
FANCA_exon30	11	0.9448	0.1077	0.9232	0.7724	1.1082	0.9232	0.1077
FANCA_exon31	11	0.9834	0.1617	0.9058	0.8083	1.2426	0.9058	0.1617
FANCA_exon32	11	1.2654	0.1363	1.279	1.0872	1.4508	1.279	0.1363
FANCA_exon33	11	1.2774	0.1274	1.2582	1.1095	1.522	1.2582	0.1274
FANCA_exon34	11	1.3101	0.1152	1.3097	1.1584	1.5488	1.3097	0.1152
FANCA_exon35	11	1.0264	0.1413	1.011	0.8579	1.1995	1.011	0.1413
FANCA_exon36	11	1.118	0.1398	1.1063	0.9221	1.3775	1.1063	0.1398
FANCA_exon37	11	1.0529	0.0965	1.0295	0.8851	1.262	1.0295	0.0965
FANCA_exon38	11	1.4229	0.1815	1.4028	1.2457	1.7629	1.4028	0.1815
FANCA_exon39	11	1.4144	0.1818	1.3668	1.1495	1.8379	1.3668	0.1818
FANCA_exon4	11	1.1569	0.1226	1.1236	1.0081	1.381	1.1236	0.1226
FANCA_exon40	11	0.8458	0.1168	0.846	0.692	1.1029	0.846	0.1168
FANCA_exon41	11	0.0807	0.0409	0.0859	0.0243	0.1523	0.0859	0.0409
FANCA_exon5	11	1.2379	0.1793	1.1559	1.0437	1.5593	1.1559	0.1793
FANCA_exon6	11	1.164	0.1771	1.1157	0.9046	1.4862	1.1157	0.1771
FANCA_exon7	11	0.6181	0.1775	0.5224	0.4468	0.8801	0.5224	0.1775
FANCA_exon8	11	0.9966	0.1166	0.9769	0.7799	1.1725	0.9769	0.1166
FANCA_exon9	11	0.7192	0.1346	0.6798	0.557	0.8814	0.6798	0.1346
FBXO4_exon1	11	0.1557	0.0716	0.1292	0.0676	0.2692	0.1292	0.0716
FBXO4_exon2	11	1.1854	0.142	1.218	0.9955	1.375	1.218	0.142
FBXO4_exon3	11	0.8194	0.1347	0.7701	0.6565	1.0703	0.7701	0.1347
FBXO4_exon4	11	1.2507	0.0866	1.2683	1.0823	1.4021	1.2683	0.0866
FBXO4_exon5	11	1.3737	0.1188	1.3551	1.0971	1.5379	1.3551	0.1188
FBXO4_exon6	11	0.9599	0.0735	0.9794	0.79990000000000006	1.0677	0.9794	0.0735
FBXO4_exon7	11	1.3053	0.1132	1.3214	1.1144	1.5011	1.3214	0.1132
FGFR3_exon1	11	0.1036	0.0608	0.0762	0.0469	0.2102	0.0762	0.0608
FGFR3_exon10	11	0.3373	0.107	0.2905	0.2098	0.514	0.2905	0.107
FGFR3_exon11	11	0.4536	0.0942	0.4246	0.3174	0.6126	0.4246	0.0942
FGFR3_exon12	11	0.2711	0.0816	0.2745	0.1487	0.3793	0.2745	0.0816
FGFR3_exon13	11	0.6296	0.1403	0.5991	0.4715	0.8521	0.5991	0.1403
FGFR3_exon14	11	0.3819	0.1091	0.3726	0.2357	0.5193	0.3726	0.1091
FGFR3_exon15	11	0.4065	0.0869	0.3952	0.2649	0.5374	0.3952	0.0869
FGFR3_exon16	11	0.2911	0.094	0.2958	0.1735	0.4724	0.2958	0.094
FGFR3_exon2	11	0.1674	0.0943	0.1279	0.0581	0.3069	0.1279	0.0943
FGFR3_exon3	11	0.3454	0.1354	0.2835	0.162	0.5267	0.2835	0.1354
FGFR3_exon4	11	0.3811	0.1265	0.3441	0.2233	0.5978	0.3441	0.1265
FGFR3_exon5	11	0.3162	0.0981	0.3123	0.1939	0.4629	0.3123	0.0981
FGFR3_exon6	11	0.5629	0.1204	0.5707	0.3976	0.7199	0.5707	0.1204
FGFR3_exon7	11	0.236	0.0921	0.1832	0.1316	0.3817	0.1832	0.0921
FGFR3_exon8	11	0.4092	0.0978	0.3725	0.3036	0.5642	0.3725	0.0978
FGFR3_exon9	11	0.5217	0.1168	0.5241	0.3729	0.7427	0.5241	0.1168
HIST1H1B_exon1	11	0.7426	0.0849	0.7379	0.6474	0.9439	0.7379	0.0849
HIST1H1B_exon2	11	0.6483	0.0837	0.6368	0.5372	0.7689	0.6368	0.0837
HIST1H1B_exon3	11	0.3824	0.1139	0.3614	0.1585	0.5364	0.3614	0.1139
HIST1H1D_exon1	11	0.7338	0.0843	0.7449	0.5679	0.9121	0.7449	0.0843
HIST1H1D_exon2	11	0.6743	0.0729	0.677	0.5609	0.8177	0.677	0.0729
HIST1H1D_exon3	11	0.7239	0.091	0.718	0.6207	0.9416	0.718	0.091
HIST1H1D_exon4	11	0.8771	0.0803	0.8929	0.7695	1.0435	0.8929	0.0803
HIST1H1E_exon1	11	0.5133	0.1214	0.4712	0.3175	0.7108	0.4712	0.1214
HIST1H1E_exon2	11	0.7025	0.1303	0.6785	0.5084	1.0233	0.6785	0.1303
HIST1H4H_exon1	11	1.3057	0.1173	1.2753	1.1927	1.6124	1.2753	0.1173
IDH1_exon1	11	1.3407	0.1282	1.3527	1.1602	1.5042	1.3527	0.1282
IDH1_exon10	11	1.152	0.2215	1.182	0.8358	1.3872	1.182	0.2215
IDH1_exon2	11	1.059	0.0866	1.0442	0.9145	1.2325	1.0442	0.0866
IDH1_exon3	11	1.0974	0.0953	1.0804	0.9412	1.2169	1.0804	0.0953
IDH1_exon4	11	1.1018	0.0962	1.1295	0.9434	1.2304	1.1295	0.0962
IDH1_exon5	11	1.0604	0.0974	1.0509	0.8861	1.2105	1.0509	0.0974
IDH1_exon6	11	1.3756	0.0686	1.3545	1.297	1.5275	1.3545	0.0686
IDH1_exon7	11	1.2086	0.0733	1.2287	1.0315	1.2751	1.2287	0.0733
IDH1_exon8	11	0.7451	0.0955	0.7318	0.6225	0.9227	0.7318	0.0955
IDH1_exon9	11	1.4289	0.091	1.4228	1.3249	1.662	1.4228	0.091
IDH2_exon1	11	0.6091	0.1192	0.5623	0.4418	0.7884	0.5623	0.1192
IDH2_exon10	11	0.0848	0.0486	0.0621	0.0262	0.1746	0.0621	0.0486
IDH2_exon2	11	0.8147	0.213	0.7813	0.5358	1.1737	0.7813	0.213
IDH2_exon3	11	0.3346	0.1075	0.3178	0.1995	0.475	0.3178	0.1075
IDH2_exon4	11	1.1296	0.0993	1.1102	0.9921	1.3427	1.1102	0.0993
IDH2_exon5	11	1.3103	0.1372	1.2823	1.13	1.6205	1.2823	0.1372
IDH2_exon6	11	0.6414	0.1254	0.6434	0.4811	0.8032	0.6434	0.1254
IDH2_exon7	11	0.8513	0.1221	0.8054	0.6695	0.9974	0.8054	0.1221
IDH2_exon8	11	0.72	0.143	0.6773	0.5004	0.9473	0.6773	0.143
IDH2_exon9	11	1.0909	0.1753	1.1356	0.8097	1.2781	1.1356	0.1753
IGLL5_exon1	11	0.2516	0.0902	0.2352	0.1372	0.3837	0.2352	0.0902
IGLL5_exon2	11	0.2308	0.093	0.2066	0.1058	0.3544	0.2066	0.093
IGLL5_exon3	11	0.1642	0.0873	0.1341	0.0738	0.3111	0.1341	0.0873
IGLL5_exon4	11	0.9311	0.0946	0.9613	0.7947	1.0641	0.9613	0.0946
IGLL5_exon5	11	0.4359	0.1067	0.399	0.28	0.6018	0.399	0.1067
IGLL5_exon6	11	0.424	0.06	0.4223	0.3014	0.5149	0.4223	0.06
IKZF1_exon1	11	0.6434	0.0816	0.6628	0.5353	0.821	0.6628	0.0816
IKZF1_exon10	11	0.9714	0.1263	0.9673	0.8242	1.2204	0.9673	0.1263
IKZF1_exon11	11	0.8638	0.1281	0.8204	0.7416	1.1244	0.8204	0.1281
IKZF1_exon2	11	0.9772	0.1214	1.0085	0.8199	1.1409	1.0085	0.1214
IKZF1_exon3	11	1.1001	0.1652	1.0855	0.8532	1.387	1.0855	0.1652
IKZF1_exon4	11	1.4512	0.0789	1.4408	1.3378	1.5723	1.4408	0.0789
IKZF1_exon5	11	1.0123	0.1104	1.0242	0.7616	1.171	1.0242	0.1104
IKZF1_exon6	11	1.1299	0.1138	1.1141	1.0114	1.4343	1.1141	0.1138
IKZF1_exon7	11	0.6616	0.1155	0.6932	0.5259	0.8315	0.6932	0.1155
IKZF1_exon8	11	1.0502	0.1041	1.031	0.9392	1.3224	1.031	0.1041
IKZF1_exon9	11	1.2952	0.1301	1.2749	1.1516	1.6079	1.2749	0.1301
IL6ST_exon1	11	1.0012	0.0651	1.0045	0.8954	1.108	1.0045	0.0651
IL6ST_exon10	11	1.2997	0.0836	1.3058	1.1624	1.4507	1.3058	0.0836
IL6ST_exon11	11	1.1901	0.1482	1.228	0.9654	1.3519	1.228	0.1482
IL6ST_exon12	11	1.0474	0.0629	1.051	0.9473	1.1332	1.051	0.0629
IL6ST_exon13	11	1.296	0.1152	1.3112	1.127	1.5585	1.3112	0.1152
IL6ST_exon14	11	1.2659	0.0687	1.2482	1.1869	1.4463	1.2482	0.0687
IL6ST_exon15	11	1.2249	0.1044	1.2466	1.0136	1.418	1.2466	0.1044
IL6ST_exon16	11	1.1391	0.1643	1.1611	0.8252	1.3148	1.1611	0.1643
IL6ST_exon17	11	1.0432	0.0859	1.0709	0.8507	1.1401	1.0709	0.0859
IL6ST_exon18	11	1.2184	0.1688	1.2251	0.9777	1.5403	1.2251	0.1688
IL6ST_exon19	11	1.3723	0.1694	1.3585	1.0821	1.6579	1.3585	0.1694
IL6ST_exon2	11	1.1973	0.0485	1.1888	1.1037	1.2884	1.1888	0.0485
IL6ST_exon20	11	1.3474	0.1311	1.3085	1.2022	1.583	1.3085	0.1311
IL6ST_exon21	11	0.9832	0.1559	1.033	0.7541	1.1523	1.033	0.1559
IL6ST_exon22	11	1.2598	0.1586	1.2854	1.039	1.4802	1.2854	0.1586
IL6ST_exon3	11	1.2727	0.1881	1.3011	0.962	1.5205	1.3011	0.1881
IL6ST_exon4	11	1.34	0.1401	1.3496	1.1256	1.6256	1.3496	0.1401
IL6ST_exon5	11	0.7009	0.1509	0.6976	0.4753	0.9752	0.6976	0.1509
IL6ST_exon6	11	1.0102	0.1379	1.033	0.794	1.2371	1.033	0.1379
IL6ST_exon7	11	0.9735	0.0632	0.9723	0.8557	1.0539	0.9723	0.0632
IL6ST_exon8	11	1.0833	0.0873	1.0806	0.9725	1.2594	1.0806	0.0873
IL6ST_exon9	11	1.0501	0.1023	1.044	0.8248	1.1927	1.044	0.1023
IRF4_exon1	11	0.283	0.0948	0.2429	0.1838	0.4189	0.2429	0.0948
IRF4_exon10	11	1.0244	0.1084	0.9976	0.8968	1.2939	0.9976	0.1084
IRF4_exon11	11	1.1817	0.0847	1.1656	1.0775	1.3811	1.1656	0.0847
IRF4_exon2	11	1.2796	0.1185	1.2652	1.1192	1.5713	1.2652	0.1185
IRF4_exon3	11	0.8872	0.1042	0.8674	0.7654	1.069	0.8674	0.1042
IRF4_exon4	11	1.2555	0.1274	1.2402	1.0689	1.525	1.2402	0.1274
IRF4_exon5	11	1.4107	0.152	1.3631	1.252	1.7511	1.3631	0.152
IRF4_exon6	11	0.9733	0.1276	0.958	0.7215	1.1417	0.958	0.1276
IRF4_exon7	11	1.103	0.1873	1.0739	0.7619	1.3572	1.0739	0.1873
IRF4_exon8	11	1.0512	0.0697	1.0503	0.9135	1.1558	1.0503	0.0697
IRF4_exon9	11	1.1712	0.1161	1.1374	1.0195	1.427	1.1374	0.1161
KDM6A_exon1	11	0.1079	0.0554	0.1045	0.0458	0.2331	0.1045	0.0554
KDM6A_exon10	11	0.8949	0.2872	0.7544	0.6151	1.3585	0.7544	0.2872
KDM6A_exon11	11	0.8242	0.298	0.7264	0.5389	1.3528	0.7264	0.298
KDM6A_exon12	11	0.7356	0.2773	0.571	0.4687	1.1376	0.571	0.2773
KDM6A_exon13	11	0.9077	0.3574	0.7839	0.541	1.5143	0.7839	0.3574
KDM6A_exon14	11	0.8372	0.2965	0.6532	0.5652	1.2912	0.6532	0.2965
KDM6A_exon15	11	0.5354	0.1975	0.4133	0.365	0.8215	0.4133	0.1975
KDM6A_exon16	11	0.9447	0.3211	0.7815	0.5814	1.4716	0.7815	0.3211
KDM6A_exon17	11	0.5998	0.1998	0.4728	0.4006	0.8963	0.4728	0.1998
KDM6A_exon18	11	0.6753	0.2103	0.5776	0.4657	1.0476	0.5776	0.2103
KDM6A_exon19	11	0.9358	0.3143	0.7597	0.6179	1.3476	0.7597	0.3143
KDM6A_exon2	11	0.5052	0.1864	0.4824	0.2742	0.829	0.4824	0.1864
KDM6A_exon20	11	0.9574	0.3451	0.7533	0.6394	1.4457	0.7533	0.3451
KDM6A_exon21	11	0.7021	0.2825	0.6629	0.3336	1.2241	0.6629	0.2825
KDM6A_exon22	11	0.8156	0.2839	0.77	0.5161	1.4176	0.77	0.2839
KDM6A_exon23	11	0.8593	0.2673	0.7607	0.5724	1.317	0.7607	0.2673
KDM6A_exon24	11	0.7841	0.2432	0.6802	0.5237	1.1528	0.6802	0.2432
KDM6A_exon25	11	0.7683	0.2949	0.6101	0.5037	1.1626	0.6101	0.2949
KDM6A_exon26	11	0.8238	0.2646	0.6884	0.5372	1.2412	0.6884	0.2646
KDM6A_exon27	11	0.9346	0.3017	0.8029	0.6441	1.4782	0.8029	0.3017
KDM6A_exon28	11	0.7551	0.2654	0.6143	0.5139	1.213	0.6143	0.2654
KDM6A_exon29	11	0.9033	0.3106	0.7359	0.5957	1.4162	0.7359	0.3106
KDM6A_exon3	11	0.6113	0.285	0.5661	0.2696	1.2283	0.5661	0.285
KDM6A_exon30	11	0.8653	0.3162	0.7567	0.5477	1.435	0.7567	0.3162
KDM6A_exon31	11	0.8984	0.331	0.6966	0.5351	1.452	0.6966	0.331
KDM6A_exon32	11	0.7769	0.2996	0.7064	0.4664	1.3514	0.7064	0.2996
KDM6A_exon33	11	0.8724	0.3246	0.7349	0.4954	1.3299	0.7349	0.3246
KDM6A_exon34	11	0.9887	0.3251	0.7773	0.6987	1.487	0.7773	0.3251
KDM6A_exon4	11	0.8051	0.3055	0.661	0.5043	1.2625	0.661	0.3055
KDM6A_exon5	11	0.8531	0.3101	0.7502	0.5382	1.477	0.7502	0.3101
KDM6A_exon6	11	0.9324	0.3692	0.7938	0.3749	1.5119	0.7938	0.3692
KDM6A_exon7	11	0.8774	0.3493	0.7413	0.38	1.4525	0.7413	0.3493
KDM6A_exon8	11	0.9407	0.3214	0.8541	0.5439	1.494	0.8541	0.3214
KDM6A_exon9	11	0.903	0.2927	0.7694	0.6147	1.4646	0.7694	0.2927
KMT2B_exon1	11	0.0173	0.0107	0.0173	0	0.0351	0.0173	0.0107
KMT2B_exon10	11	0.3144	0.094	0.3057	0.1393	0.464	0.3057	0.094
KMT2B_exon11	11	0.5284	0.1507	0.4695	0.3344	0.7342	0.4695	0.1507
KMT2B_exon12	11	0.9698	0.106	0.9379	0.8104	1.1698	0.9379	0.106
KMT2B_exon13	11	0.4026	0.0934	0.4147	0.2419	0.5319	0.4147	0.0934
KMT2B_exon14	11	0.6262	0.1242	0.5801	0.4693	0.8025	0.5801	0.1242
KMT2B_exon15	11	0.7565	0.091	0.7821	0.6295	0.914	0.7821	0.091
KMT2B_exon16	11	1.0734	0.1466	1.0273	0.8825	1.3198	1.0273	0.1466
KMT2B_exon17	11	0.8308	0.1124	0.822	0.6785	1.0654	0.822	0.1124
KMT2B_exon18	11	1.0104	0.1505	1.0408	0.7625	1.1736	1.0408	0.1505
KMT2B_exon19	11	1.0335	0.1139	1.0156	0.821	1.2048	1.0156	0.1139
KMT2B_exon2	11	0.1129	0.0645	0.097	0.0346	0.2141	0.097	0.0645
KMT2B_exon20	11	0.437	0.106	0.4182	0.3121	0.5844	0.4182	0.106
KMT2B_exon21	11	0.6181	0.1353	0.5859	0.4286	0.7923	0.5859	0.1353
KMT2B_exon22	11	0.8358	0.1529	0.7538	0.6797	1.0782	0.7538	0.1529
KMT2B_exon23	11	1.1518	0.1299	1.113	1.0147	1.3576	1.113	0.1299
KMT2B_exon24	11	0.9318	0.0912	0.9521	0.8195	1.0468	0.9521	0.0912
KMT2B_exon25	11	0.4372	0.0868	0.404	0.3277	0.5543	0.404	0.0868
KMT2B_exon26	11	0.2873	0.0755	0.2753	0.2006	0.4097	0.2753	0.0755
KMT2B_exon27	11	0.5917	0.1236	0.5517	0.3923	0.7566	0.5517	0.1236
KMT2B_exon28	11	0.7589	0.1339	0.7053	0.5546	0.9502	0.7053	0.1339
KMT2B_exon29	11	0.3905	0.1437	0.3224	0.2159	0.6115	0.3224	0.1437
KMT2B_exon3	11	0.4132	0.0751	0.3902	0.3102	0.511	0.3902	0.0751
KMT2B_exon4	11	0.6761	0.0924	0.6909	0.533	0.8459	0.6909	0.0924
KMT2B_exon5	11	0.8336	0.1488	0.7912	0.6187	1.1984	0.7912	0.1488
KMT2B_exon6	11	0.5184	0.0903	0.5192	0.4068	0.6328	0.5192	0.0903
KMT2B_exon7	11	0.9068	0.1206	0.9062	0.7463	1.0923	0.9062	0.1206
KMT2B_exon8	11	1.0094	0.1595	1.0049	0.7738	1.2184	1.0049	0.1595
KMT2B_exon9	11	0.4923	0.1234	0.4185	0.3563	0.6577	0.4185	0.1234
KRAS_exon1	11	1.0677	0.1839	1.0756	0.8055	1.3059	1.0756	0.1839
KRAS_exon2	11	1.2518	0.1682	1.2777	1.0236	1.4837	1.2777	0.1682
KRAS_exon3	11	1.1947	0.1334	1.2166	0.8889	1.3568	1.2166	0.1334
KRAS_exon4	11	1.129	0.195	1.0401	0.8124	1.4108	1.0401	0.195
KRAS_exon5	11	1.1277	0.0816	1.1242	0.9419	1.2156	1.1242	0.0816
KRAS_exon6	11	1.2308	0.1823	1.3246	0.9622	1.4526	1.3246	0.1823
KRAS_exon7	11	1.2188	0.1364	1.2104	1.0463	1.4969	1.2104	0.1364
LEMD2_exon1	11	0.4217	0.1411	0.3723	0.2299	0.61	0.3723	0.1411
LEMD2_exon2	11	1.0821	0.082	1.1139	0.951	1.1865	1.1139	0.082
LEMD2_exon3	11	0.8353	0.129	0.8687	0.6791	0.9857	0.8687	0.129
LEMD2_exon4	11	0.7837	0.155	0.7281	0.5472	1.0332	0.7281	0.155
LEMD2_exon5	11	1.3745	0.1594	1.3862	1.1026	1.6201	1.3862	0.1594
LEMD2_exon6	11	0.7219	0.0737	0.7416	0.5765	0.8199	0.7416	0.0737
LEMD2_exon7	11	1.1622	0.0974	1.1725	1.028	1.3137	1.1725	0.0974
LEMD2_exon8	11	0.1278	0.0482	0.1092	0.0758	0.2193	0.1092	0.0482
LTB_exon1	11	0.4963	0.0985	0.4933	0.3829	0.6572	0.4933	0.0985
LTB_exon2	11	0.539	0.1084	0.5237	0.385	0.7051	0.5237	0.1084
LTB_exon3	11	0.8748	0.1826	0.8266	0.6641	1.184	0.8266	0.1826
LTB_exon4	11	0.6031	0.145	0.5799	0.4283	0.8208	0.5799	0.145
MAX_exon1	11	0.706	0.0954	0.7012	0.5428	0.9046	0.7012	0.0954
MAX_exon10	11	0.8003	0.093	0.7835	0.6544	0.9406	0.7835	0.093
MAX_exon2	11	0.7106	0.1144	0.6778	0.5196	0.8386	0.6778	0.1144
MAX_exon3	11	1.0847	0.0692	1.0818	0.992	1.1834	1.0818	0.0692
MAX_exon4	11	0.8098	0.0862	0.8297	0.624	0.9427	0.8297	0.0862
MAX_exon5	11	1.2278	0.1048	1.1959	1.0789	1.415	1.1959	0.1048
MAX_exon6	11	1.2498	0.0535	1.2542	1.1793	1.3621	1.2542	0.0535
MAX_exon7	11	1.0831	0.069	1.08	0.9842	1.2018	1.08	0.069
MAX_exon8	11	0.9012	0.1515	0.9062	0.7127	1.2689	0.9062	0.1515
MAX_exon9	11	0.6944	0.1575	0.6873	0.4957	1.0491	0.6873	0.1575
MYC_exon1	11	1.0599	0.2	1.0066	0.8158	1.5624	1.0066	0.2
MYC_exon2	11	0.8225	0.1033	0.7888	0.6902	1.0203	0.7888	0.1033
MYC_exon3	11	0.8661	0.137	0.8895	0.6949	1.0697	0.8895	0.137
MYC_exon4	11	1.1213	0.0949	1.1238	0.9343	1.2988	1.1238	0.0949
MYD88_exon1	11	0.5936	0.109	0.5687	0.4237	0.7654	0.5687	0.109
MYD88_exon2	11	0.7555	0.1517	0.6951	0.5347	1.016	0.6951	0.1517
MYD88_exon3	11	1.2519	0.1318	1.2648	0.9711	1.4552	1.2648	0.1318
MYD88_exon4	11	1.1798	0.1366	1.1013	0.9993	1.4129	1.1013	0.1366
MYD88_exon5	11	1.3462	0.1376	1.345	1.1503	1.5733	1.345	0.1376
NF1_exon1	11	0.0957	0.0692	0.05	0.0303	0.2363	0.05	0.0692
NF1_exon10	11	0.9808	0.0824	1.0026	0.8314	1.0775	1.0026	0.0824
NF1_exon11	11	0.8792	0.2293	0.8147	0.5808	1.2014	0.8147	0.2293
NF1_exon12	11	1.2762	0.1372	1.2926	0.987	1.5362	1.2926	0.1372
NF1_exon13	11	0.7708	0.1037	0.7681	0.5627	0.9471	0.7681	0.1037
NF1_exon14	11	1.111	0.0528	1.1333	1.0076	1.161	1.1333	0.0528
NF1_exon15	11	0.5301	0.1946	0.6564	0.2728	0.7681	0.6564	0.1946
NF1_exon16	11	1.2393	0.1816	1.2199	0.9176	1.5371	1.2199	0.1816
NF1_exon17	11	0.9672	0.1093	0.969	0.6889	1.1306	0.969	0.1093
NF1_exon18	11	1.0195	0.1037	1.0045	0.8936	1.1711	1.0045	0.1037
NF1_exon19	11	1.1195	0.0714	1.139	1.021	1.2293	1.139	0.0714
NF1_exon2	11	1.2395	0.136	1.239	1.048	1.4666	1.239	0.136
NF1_exon20	11	0.7401	0.0707	0.7402	0.6481	0.8557	0.7402	0.0707
NF1_exon21	11	1.1819	0.0893	1.1862	1.0398	1.3581	1.1862	0.0893
NF1_exon22	11	0.4423	0.0856	0.4429	0.3303	0.6014	0.4429	0.0856
NF1_exon23	11	1.1805	0.0999	1.1477	1.0467	1.4171	1.1477	0.0999
NF1_exon24	11	1.3316	0.1489	1.3201	1.0692	1.5566	1.3201	0.1489
NF1_exon25	11	1.2277	0.1407	1.2652	1.0047	1.4187	1.2652	0.1407
NF1_exon26	11	1.1546	0.1609	1.1967	0.91	1.3348	1.1967	0.1609
NF1_exon27	11	1.2883	0.1706	1.2157	1.1354	1.698	1.2157	0.1706
NF1_exon28	11	1.3332	0.0614	1.3302	1.2378	1.4513	1.3302	0.0614
NF1_exon29	11	1.5178	0.1157	1.4963	1.3182	1.7455	1.4963	0.1157
NF1_exon3	11	1.1455	0.0936	1.1295	0.9755	1.3043	1.1295	0.0936
NF1_exon30	11	0.9196	0.0845	0.9015	0.8139	1.0853	0.9015	0.0845
NF1_exon31	11	1.1665	0.1338	1.1691	0.9382	1.3917	1.1691	0.1338
NF1_exon32	11	1.1061	0.1674	1.1467	0.831	1.3986	1.1467	0.1674
NF1_exon33	11	1.0507	0.1486	1.0902	0.7707	1.2559	1.0902	0.1486
NF1_exon34	11	1.3059	0.1621	1.389	1.0445	1.4872	1.389	0.1621
NF1_exon35	11	1.1054	0.1747	1.1147	0.8344	1.3679	1.1147	0.1747
NF1_exon36	11	1.0449	0.0775	1.0335	0.9253	1.1784	1.0335	0.0775
NF1_exon37	11	1.0394	0.0663	1.0184	0.9491	1.1282	1.0184	0.0663
NF1_exon38	11	1.1576	0.1878	1.2526	0.9182	1.4078	1.2526	0.1878
NF1_exon39	11	1.365	0.1776	1.3687	1.024	1.6855	1.3687	0.1776
NF1_exon4	11	1.2504	0.112	1.2168	1.0984	1.4821	1.2168	0.112
NF1_exon40	11	1.3439	0.078	1.3377	1.2012	1.5284	1.3377	0.078
NF1_exon41	11	1.2443	0.0495	1.2405	1.1869	1.361	1.2405	0.0495
NF1_exon42	11	0.896	0.0919	0.8969	0.6906	1.0214	0.8969	0.0919
NF1_exon43	11	1.2481	0.2375	1.3704	0.8621	1.4977	1.3704	0.2375
NF1_exon44	11	1.3079	0.1413	1.3643	1.0843	1.498	1.3643	0.1413
NF1_exon45	11	1.0805	0.0856	1.0819	0.9406	1.2155	1.0819	0.0856
NF1_exon46	11	1.1929	0.0612	1.1946	1.0564	1.2682	1.1946	0.0612
NF1_exon47	11	0.8164	0.0755	0.8298	0.6504	0.9251	0.8298	0.0755
NF1_exon48	11	1.3199	0.1484	1.3238	0.9341	1.5046	1.3238	0.1484
NF1_exon49	11	1.26	0.1253	1.273	0.9513	1.4262	1.273	0.1253
NF1_exon5	11	1.3166	0.144	1.3986	1.085	1.4919	1.3986	0.144
NF1_exon50	11	1.1522	0.145	1.1743	0.8428	1.3196	1.1743	0.145
NF1_exon51	11	1.2277	0.0597	1.2197	1.1553	1.3325	1.2197	0.0597
NF1_exon52	11	1.2918	0.0968	1.2955	1.0577	1.4583	1.2955	0.0968
NF1_exon53	11	1.3109	0.1485	1.3108	1.0314	1.5781	1.3108	0.1485
NF1_exon54	11	1.3424	0.1901	1.4126	1.0967	1.5929	1.4126	0.1901
NF1_exon55	11	1.4029	0.1172	1.4355	1.1836	1.5156	1.4355	0.1172
NF1_exon56	11	0.8837	0.0918	0.9022	0.643	0.9745	0.9022	0.0918
NF1_exon57	11	1.1642	0.0994	1.1718	0.9839	1.344	1.1718	0.0994
NF1_exon58	11	1.2786	0.0971	1.2986	1.0638	1.4126	1.2986	0.0971
NF1_exon59	11	1.1436	0.0798	1.1556	0.9754	1.2498	1.1556	0.0798
NF1_exon6	11	1.0508	0.1406	0.9633	0.8965	1.2215	0.9633	0.1406
NF1_exon60	11	1.3286	0.101	1.3456	1.1594	1.5136	1.3456	0.101
NF1_exon61	11	1.1793	0.197	1.2583	0.8762	1.5399	1.2583	0.197
NF1_exon62	11	1.2339	0.0591	1.2522	1.1305	1.2999	1.2522	0.0591
NF1_exon63	11	1.262	0.1029	1.2737	1.036	1.418	1.2737	0.1029
NF1_exon64	11	1.2827	0.0995	1.2772	1.1388	1.4451	1.2772	0.0995
NF1_exon65	11	1.12	0.0966	1.1354	0.9272	1.2545	1.1354	0.0966
NF1_exon66	11	1.0426	0.061	1.0306	0.9609	1.1712	1.0306	0.061
NF1_exon67	11	1.151	0.0994	1.1438	1.0307	1.3668	1.1438	0.0994
NF1_exon7	11	0.965	0.0853	0.9416	0.8292	1.0865	0.9416	0.0853
NF1_exon8	11	1.2422	0.1019	1.2763	1.0652	1.369	1.2763	0.1019
NF1_exon9	11	0.8367	0.0809	0.8538	0.7273	1.0288	0.8538	0.0809
NFKB1_exon1	11	0.8359	0.0861	0.8369	0.6381	0.9531	0.8369	0.0861
NFKB1_exon10	11	1.1801	0.1155	1.1593	0.9661	1.3871	1.1593	0.1155
NFKB1_exon11	11	1.1676	0.0813	1.1944	1.0249	1.2705	1.1944	0.0813
NFKB1_exon12	11	1.0955	0.1339	1.1031	0.9349	1.3465	1.1031	0.1339
NFKB1_exon13	11	0.8446	0.0732	0.8428	0.7476	0.9935	0.8428	0.0732
NFKB1_exon14	11	0.9454	0.0535	0.9441	0.8358	1.0022	0.9441	0.0535
NFKB1_exon15	11	1.1798	0.0517	1.1896	1.086	1.279	1.1896	0.0517
NFKB1_exon16	11	1.1809	0.0793	1.1835	1.0025	1.3005	1.1835	0.0793
NFKB1_exon17	11	1.2221	0.1152	1.2056	1.0553	1.3946	1.2056	0.1152
NFKB1_exon18	11	0.7923	0.11	0.7581	0.6547	0.9922	0.7581	0.11
NFKB1_exon19	11	1.164	0.0986	1.1473	0.9657	1.3233	1.1473	0.0986
NFKB1_exon2	11	1.1446	0.2252	1.2231	0.8951	1.6186	1.2231	0.2252
NFKB1_exon20	11	0.9562	0.0952	0.9362	0.8278	1.0739	0.9362	0.0952
NFKB1_exon21	11	0.8859	0.064	0.8817	0.7903	1.0072	0.8817	0.064
NFKB1_exon22	11	1.1621	0.0492	1.1781	1.0488	1.2185	1.1781	0.0492
NFKB1_exon23	11	1.0144	0.0786	1.0486	0.859	1.0854	1.0486	0.0786
NFKB1_exon24	11	1.0543	0.096	1.0612	0.8834	1.1836	1.0612	0.096
NFKB1_exon25	11	0.9808	0.0682	0.976	0.862	1.1211	0.976	0.0682
NFKB1_exon3	11	1.1	0.1154	1.1067	0.8222	1.2257	1.1067	0.1154
NFKB1_exon4	11	0.8741	0.0883	0.8821	0.6829	1.0127	0.8821	0.0883
NFKB1_exon5	11	1.0973	0.0795	1.1092	0.9784	1.1923	1.1092	0.0795
NFKB1_exon6	11	1.3116	0.0901	1.2875	1.1627	1.4446	1.2875	0.0901
NFKB1_exon7	11	0.7889	0.1389	0.7632	0.6214	1.0336	0.7632	0.1389
NFKB1_exon8	11	1.2272	0.0526	1.2311	1.1261	1.3022	1.2311	0.0526
NFKB1_exon9	11	0.8395	0.0787	0.8507	0.7156	0.944	0.8507	0.0787
NFKB2_exon1	11	0.4979	0.1352	0.4882	0.3464	0.7048	0.4882	0.1352
NFKB2_exon10	11	0.2334	0.087	0.2044	0.1315	0.3645	0.2044	0.087
NFKB2_exon11	11	0.2494	0.1018	0.2147	0.0996	0.4206	0.2147	0.1018
NFKB2_exon12	11	1.0011	0.1343	0.9746	0.8346	1.1946	0.9746	0.1343
NFKB2_exon13	11	0.506	0.1303	0.4486	0.2944	0.693	0.4486	0.1303
NFKB2_exon14	11	0.5968	0.1228	0.5565	0.4287	0.8199	0.5565	0.1228
NFKB2_exon15	11	0.6886	0.159	0.647	0.492	0.9721	0.647	0.159
NFKB2_exon16	11	0.5851	0.1387	0.5578	0.3396	0.764	0.5578	0.1387
NFKB2_exon2	11	0.7291	0.1151	0.7511	0.493	0.9085	0.7511	0.1151
NFKB2_exon3	11	0.963	0.1294	0.9573	0.7316	1.168	0.9573	0.1294
NFKB2_exon4	11	1.0465	0.1675	0.9886	0.8364	1.277	0.9886	0.1675
NFKB2_exon5	11	0.9181	0.128	0.9521	0.7268	1.1997	0.9521	0.128
NFKB2_exon6	11	1.1035	0.1504	1.07	0.9236	1.2941	1.07	0.1504
NFKB2_exon7	11	0.847	0.1187	0.7874	0.6934	1.0518	0.7874	0.1187
NFKB2_exon8	11	1.1067	0.1793	1.1066	0.8281	1.3399	1.1066	0.1793
NFKB2_exon9	11	0.3583	0.1271	0.319	0.1924	0.5544	0.319	0.1271
NFKBIA_exon1	11	0.9411	0.1091	0.896	0.8252	1.2146	0.896	0.1091
NFKBIA_exon2	11	0.9104	0.108	0.9078	0.7695	1.0877	0.9078	0.108
NFKBIA_exon3	11	1.1502	0.0892	1.1594	0.9955	1.3	1.1594	0.0892
NFKBIA_exon4	11	1.3469	0.1576	1.283	1.1529	1.6356	1.283	0.1576
NFKBIA_exon5	11	0.8909	0.1301	0.906	0.6953	1.1005	0.906	0.1301
NFKBIA_exon6	11	0.6777	0.1257	0.6751	0.5076	0.8488	0.6751	0.1257
NFKBIA_exon7	11	0.3783	0.1011	0.4107	0.2255	0.513	0.4107	0.1011
NOTCH2_exon1	11	0.9374	0.0826	0.9053	0.8193	1.043	0.9053	0.0826
NOTCH2_exon10	11	0.6888	0.0867	0.6966	0.5476	0.8312	0.6966	0.0867
NOTCH2_exon11	11	0.6756	0.0905	0.6232	0.5637	0.83	0.6232	0.0905
NOTCH2_exon12	11	1.2457	0.0975	1.2372	1.0934	1.4602	1.2372	0.0975
NOTCH2_exon13	11	1.1468	0.111	1.125	0.9841	1.2937	1.125	0.111
NOTCH2_exon14	11	0.6866	0.1277	0.6372	0.488	0.8914	0.6372	0.1277
NOTCH2_exon15	11	0.9334	0.081	0.9513	0.8113	1.0576	0.9513	0.081
NOTCH2_exon16	11	1.0837	0.0685	1.0914	0.9669	1.1835	1.0914	0.0685
NOTCH2_exon17	11	0.8962	0.0682	0.9037	0.7798	0.997	0.9037	0.0682
NOTCH2_exon18	11	1.1434	0.112	1.1252	0.958	1.3218	1.1252	0.112
NOTCH2_exon19	11	1.2841	0.0621	1.2898	1.1678	1.3973	1.2898	0.0621
NOTCH2_exon2	11	1.0514	0.0632	1.0717	0.9301	1.155	1.0717	0.0632
NOTCH2_exon20	11	1.0255	0.0844	1.0397	0.9193	1.1304	1.0397	0.0844
NOTCH2_exon21	11	0.792	0.0938	0.7661	0.6459	0.9288	0.7661	0.0938
NOTCH2_exon22	11	1.1386	0.1084	1.1231	0.9482	1.3683	1.1231	0.1084
NOTCH2_exon23	11	0.9086	0.103	0.9081	0.7014	1.0582	0.9081	0.103
NOTCH2_exon24	11	1.2684	0.1214	1.2597	1.1032	1.4579	1.2597	0.1214
NOTCH2_exon25	11	1.2018	0.0763	1.1816	1.0783	1.3283	1.1816	0.0763
NOTCH2_exon26	11	1.0754	0.0617	1.0836	0.9602	1.1809	1.0836	0.0617
NOTCH2_exon27	11	1.3417	0.0709	1.3222	1.2746	1.4791	1.3222	0.0709
NOTCH2_exon28	11	1.1447	0.0972	1.1319	1.0205	1.3501	1.1319	0.0972
NOTCH2_exon29	11	0.7479	0.1155	0.7266	0.5681	0.9154	0.7266	0.1155
NOTCH2_exon3	11	1.05	0.0882	1.0596	0.8887	1.2027	1.0596	0.0882
NOTCH2_exon30	11	1.1861	0.1093	1.1655	1.0029	1.3893	1.1655	0.1093
NOTCH2_exon31	11	1.3629	0.0844	1.3532	1.2278	1.5239	1.3532	0.0844
NOTCH2_exon32	11	1.2294	0.0905	1.2325	1.058	1.3383	1.2325	0.0905
NOTCH2_exon33	11	1.3819	0.1065	1.4192	1.235	1.5554	1.4192	0.1065
NOTCH2_exon34	11	1.2462	0.1011	1.2665	1.0675	1.3707	1.2665	0.1011
NOTCH2_exon35	11	1.4438	0.0813	1.4315	1.3702	1.6618	1.4315	0.0813
NOTCH2_exon36	11	1.3358	0.1126	1.3017	1.2268	1.548	1.3017	0.1126
NOTCH2_exon37	11	1.4486	0.0871	1.4435	1.3089	1.5613	1.4435	0.0871
NOTCH2_exon38	11	1.2605	0.0601	1.2443	1.1846	1.3685	1.2443	0.0601
NOTCH2_exon39	11	1.0059	0.1147	1.016	0.8737	1.2065	1.016	0.1147
NOTCH2_exon4	11	0.8431	0.0574	0.8295	0.7641	0.9408	0.8295	0.0574
NOTCH2_exon40	11	1.0564	0.0625	1.0433	0.9826	1.1682	1.0433	0.0625
NOTCH2_exon41	11	1.7676	0.513	1.6399	1.1147	2.5684	1.6399	0.513
NOTCH2_exon42	11	0.6217	0.0968	0.6089	0.4622	0.7578	0.6089	0.0968
NOTCH2_exon43	11	0.5803	0.0869	0.5498	0.4357	0.6852	0.5498	0.0869
NOTCH2_exon44	11	0.5733	0.2128	0.511	0.1953	0.9359	0.511	0.2128
NOTCH2_exon45	11	0.3656	0.1685	0.3235	0.1523	0.657	0.3235	0.1685
NOTCH2_exon5	11	0.665	0.1161	0.6773	0.4746	0.83	0.6773	0.1161
NOTCH2_exon6	11	1.0902	0.0769	1.1219	0.9201	1.1613	1.1219	0.0769
NOTCH2_exon7	11	1.3572	0.0613	1.338	1.2577	1.4693	1.338	0.0613
NOTCH2_exon8	11	1.0347	0.077	1.0541	0.9226	1.1247	1.0541	0.077
NOTCH2_exon9	11	1.0846	0.0499	1.0936	0.9647	1.1344	1.0936	0.0499
NRAS_exon1	11	1.3687	0.1218	1.367	1.2058	1.5858	1.367	0.1218
NRAS_exon2	11	1.2346	0.1037	1.2326	1.0409	1.4241	1.2326	0.1037
NRAS_exon3	11	1.2125	0.0834	1.1865	1.1141	1.3572	1.1865	0.0834
NRAS_exon4	11	1.0308	0.0801	1.0443	0.9195	1.1898	1.0443	0.0801
PIK3CA_exon1	11	1.4422	0.1328	1.4299	1.1535	1.6814	1.4299	0.1328
PIK3CA_exon10	11	0.8285	0.1075	0.8289	0.5908	0.9828	0.8289	0.1075
PIK3CA_exon11	11	1.0452	0.1777	1.0949	0.729	1.3328	1.0949	0.1777
PIK3CA_exon12	11	0.8475	0.0701	0.842	0.7352	1.0008	0.842	0.0701
PIK3CA_exon13	11	0.9652	0.0825	1.0044	0.7659	1.0642	1.0044	0.0825
PIK3CA_exon14	11	1.0096	0.103	1.0499	0.7921	1.1483	1.0499	0.103
PIK3CA_exon15	11	1.3863	0.191	1.3965	0.9644	1.655	1.3965	0.191
PIK3CA_exon16	11	1.2243	0.0733	1.2445	1.1058	1.3549	1.2445	0.0733
PIK3CA_exon17	11	1.2588	0.0992	1.2523	1.1413	1.4167	1.2523	0.0992
PIK3CA_exon18	11	1.3177	0.1935	1.3388	1.0281	1.6836	1.3388	0.1935
PIK3CA_exon19	11	1.393	0.1395	1.4349	1.0154	1.556	1.4349	0.1395
PIK3CA_exon2	11	1.2117	0.1205	1.2244	0.974	1.414	1.2244	0.1205
PIK3CA_exon3	11	1.4264	0.1703	1.4101	1.228	1.6861	1.4101	0.1703
PIK3CA_exon4	11	1.2419	0.1128	1.229	1.0732	1.479	1.229	0.1128
PIK3CA_exon5	11	1.3372	0.1133	1.3197	1.1647	1.5462	1.3197	0.1133
PIK3CA_exon6	11	0.9597	0.1126	0.9697	0.745	1.1149	0.9697	0.1126
PIK3CA_exon7	11	1.1889	0.0737	1.21	1.0254	1.2643	1.21	0.0737
PIK3CA_exon8	11	1.0797	0.1637	1.1147	0.6534	1.2598	1.1147	0.1637
PIK3CA_exon9	11	1.3064	0.2023	1.309	0.8301	1.5646	1.309	0.2023
PRDM1_exon1	11	1.0392	0.1663	0.9978	0.7746	1.3096	0.9978	0.1663
PRDM1_exon10	11	1.0387	0.1417	1.04	0.7867	1.2452	1.04	0.1417
PRDM1_exon11	11	1.214	0.1018	1.1949	1.0772	1.4339	1.1949	0.1018
PRDM1_exon12	11	1.3301	0.1131	1.3044	1.2228	1.6248	1.3044	0.1131
PRDM1_exon2	11	0.5425	0.0788	0.5403	0.3963	0.6415	0.5403	0.0788
PRDM1_exon3	11	0.9758	0.1315	0.97	0.7915	1.2169	0.97	0.1315
PRDM1_exon4	11	1.1891	0.0768	1.1697	1.0472	1.3533	1.1697	0.0768
PRDM1_exon5	11	1.1548	0.0548	1.1637	1.0498	1.2465	1.1637	0.0548
PRDM1_exon6	11	1.0901	0.0948	1.0841	0.953	1.2336	1.0841	0.0948
PRDM1_exon7	11	1.1999	0.1566	1.1499	0.9195	1.4747	1.1499	0.1566
PRDM1_exon8	11	1.1027	0.0843	1.1046	0.9913	1.2271	1.1046	0.0843
PRDM1_exon9	11	1.0881	0.0893	1.0606	0.9867	1.3029	1.0606	0.0893
PRKD2_exon1	11	0.9945	0.1682	0.9487	0.8088	1.2165	0.9487	0.1682
PRKD2_exon10	11	0.5901	0.1262	0.5582	0.3888	0.7472	0.5582	0.1262
PRKD2_exon11	11	0.81	0.1138	0.7704	0.6083	0.9968	0.7704	0.1138
PRKD2_exon12	11	0.4215	0.0997	0.4014	0.3055	0.5576	0.4014	0.0997
PRKD2_exon13	11	0.592	0.126	0.5527	0.4463	0.7817	0.5527	0.126
PRKD2_exon14	11	0.6987	0.1168	0.6544	0.5415	0.8431	0.6544	0.1168
PRKD2_exon15	11	0.4696	0.1302	0.4367	0.2749	0.6883	0.4367	0.1302
PRKD2_exon16	11	0.6213	0.1418	0.5591	0.4251	0.8114	0.5591	0.1418
PRKD2_exon17	11	0.8195	0.1552	0.7769	0.6372	1.0112	0.7769	0.1552
PRKD2_exon18	11	0.9606	0.1514	0.959	0.7876	1.3211	0.959	0.1514
PRKD2_exon19	11	0.6716	0.1189	0.7112	0.5131	0.8305	0.7112	0.1189
PRKD2_exon2	11	1.309	0.1432	1.332	1.1105	1.5449	1.332	0.1432
PRKD2_exon20	11	0.3647	0.1011	0.3279	0.2562	0.5392	0.3279	0.1011
PRKD2_exon3	11	0.9084	0.1585	0.8368	0.729	1.1664	0.8368	0.1585
PRKD2_exon4	11	0.7969	0.1115	0.8158	0.5913	0.9521	0.8158	0.1115
PRKD2_exon5	11	0.331	0.0867	0.3136	0.2292	0.482	0.3136	0.0867
PRKD2_exon6	11	0.5421	0.1258	0.5423	0.304	0.7462	0.5423	0.1258
PRKD2_exon7	11	1.1928	0.1949	1.1413	0.9656	1.4593	1.1413	0.1949
PRKD2_exon8	11	0.8465	0.1026	0.8449	0.729	1.0037	0.8449	0.1026
PRKD2_exon9	11	0.5749	0.1328	0.5373	0.4081	0.775	0.5373	0.1328
PSMB5_exon1	11	1.3562	0.2567	1.2554	1.0095	1.8183	1.2554	0.2567
PSMB5_exon2	11	0.7853	0.1782	0.7088	0.5836	1.0349	0.7088	0.1782
PSMB5_exon3	11	1.4969	0.1363	1.4706	1.3043	1.739	1.4706	0.1363
PSMB5_exon4	11	1.3015	0.1102	1.2769	1.1272	1.4875	1.2769	0.1102
PSMB5_exon5	11	1.0664	0.1236	1.0531	0.8667	1.3324	1.0531	0.1236
PSMD1_exon1	11	0.0887	0.0653	0.0558	0.0292	0.19	0.0558	0.0653
PSMD1_exon10	11	1.038	0.0998	1.0455	0.9316	1.2497	1.0455	0.0998
PSMD1_exon11	11	0.8119	0.0766	0.8235	0.6887	0.9183	0.8235	0.0766
PSMD1_exon12	11	1.1658	0.0752	1.1599	1.0408	1.3038	1.1599	0.0752
PSMD1_exon13	11	1.1605	0.0928	1.1587	1.019	1.3063	1.1587	0.0928
PSMD1_exon14	11	1.085	0.0867	1.0649	0.9747	1.2334	1.0649	0.0867
PSMD1_exon15	11	1.2438	0.1243	1.2425	0.9473	1.3786	1.2425	0.1243
PSMD1_exon16	11	1.0781	0.0889	1.0737	0.8878	1.2343	1.0737	0.0889
PSMD1_exon17	11	1.1104	0.0684	1.1213	1.0094	1.2255	1.1213	0.0684
PSMD1_exon18	11	1.1185	0.0709	1.119	1.0218	1.2396	1.119	0.0709
PSMD1_exon19	11	0.9889	0.0628	0.9893	0.8958	1.1145	0.9893	0.0628
PSMD1_exon2	11	1.2041	0.1375	1.1967	1.0272	1.447	1.1967	0.1375
PSMD1_exon20	11	1.1845	0.0677	1.1828	1.0388	1.2877	1.1828	0.0677
PSMD1_exon21	11	1.1656	0.0887	1.1536	1.0268	1.2979	1.1536	0.0887
PSMD1_exon22	11	1.2659	0.077	1.2826	1.1541	1.3881	1.2826	0.077
PSMD1_exon23	11	1.33	0.14	1.3565	0.9642	1.4784	1.3565	0.14
PSMD1_exon24	11	1.2186	0.1358	1.2289	0.8838	1.4004	1.2289	0.1358
PSMD1_exon25	11	1.3283	0.0762	1.3185	1.2324	1.4816	1.3185	0.0762
PSMD1_exon3	11	1.0789	0.0912	1.0664	0.9522	1.2709	1.0664	0.0912
PSMD1_exon4	11	1.2311	0.1782	1.1932	0.9799	1.5752	1.1932	0.1782
PSMD1_exon5	11	0.9919	0.0711	0.9911	0.8899	1.1412	0.9911	0.0711
PSMD1_exon6	11	1.321	0.0878	1.3095	1.2092	1.4602	1.3095	0.0878
PSMD1_exon7	11	1.0962	0.1475	1.1482	0.7609	1.3062	1.1482	0.1475
PSMD1_exon8	11	1.2105	0.112	1.2194	0.9679	1.3634	1.2194	0.112
PSMD1_exon9	11	1.2512	0.1185	1.2101	1.1326	1.5361	1.2101	0.1185
PTEN_exon1	11	0.0585	0.0246	0.0603	0.0234	0.0954	0.0603	0.0246
PTEN_exon10	11	1.2145	0.2688	1.2516	0.6384	1.5352	1.2516	0.2688
PTEN_exon11	11	1.1166	0.2377	1.1603	0.7952	1.4215	1.1603	0.2377
PTEN_exon12	11	0.8265	0.0945	0.8439	0.6095	0.9098	0.8439	0.0945
PTEN_exon13	11	1.2358	0.1529	1.2453	0.925	1.4057	1.2453	0.1529
PTEN_exon14	11	1.2455	0.1376	1.2725	1.0749	1.4454	1.2725	0.1376
PTEN_exon15	11	0.7819	0.0866	0.7943	0.6267	0.9049	0.7943	0.0866
PTEN_exon16	11	1.0532	0.0491	1.0604	0.9835	1.1559	1.0604	0.0491
PTEN_exon17	11	0.772	0.1114	0.7994	0.5268	0.9126	0.7994	0.1114
PTEN_exon18	11	0.7253	0.1329	0.741	0.5483	0.9431	0.741	0.1329
PTEN_exon19	11	1.0902	0.1737	1.0502	0.8743	1.4195	1.0502	0.1737
PTEN_exon2	11	0.1422	0.0378	0.1617	0.0708	0.1894	0.1617	0.0378
PTEN_exon3	11	0.4533	0.0782	0.4743	0.3145	0.6072	0.4743	0.0782
PTEN_exon4	11	1.0092	0.1113	0.9943	0.8526	1.297	0.9943	0.1113
PTEN_exon5	11	1.0326	0.2401	1.1485	0.7209	1.346	1.1485	0.2401
PTEN_exon6	11	1.2145	0.2115	1.1354	0.9231	1.4977	1.1354	0.2115
PTEN_exon7	11	0.9043	0.3053	1.0989	0.5144	1.2308	1.0989	0.3053
PTEN_exon8	11	0.948	0.2836	1.0868	0.565	1.2398	1.0868	0.2836
PTEN_exon9	11	1.1505	0.2329	1.1229	0.7478	1.4589	1.1229	0.2329
PTPN11_exon1	11	0.0564	0.024	0.0495	0.029	0.0909	0.0495	0.024
PTPN11_exon10	11	1.2119	0.122	1.2401	1.036	1.4347	1.2401	0.122
PTPN11_exon11	11	1.2498	0.2348	1.2976	0.9272	1.5554	1.2976	0.2348
PTPN11_exon12	11	1.1561	0.1218	1.1905	0.8979	1.3044	1.1905	0.1218
PTPN11_exon13	11	1.3997	0.1359	1.4194	1.1938	1.6413	1.4194	0.1359
PTPN11_exon14	11	0.9242	0.0966	0.906	0.8145	1.1879	0.906	0.0966
PTPN11_exon15	11	0.9567	0.0978	0.9209	0.8026	1.1349	0.9209	0.0978
PTPN11_exon16	11	1.0276	0.0822	1.0362	0.8805	1.1312	1.0362	0.0822
PTPN11_exon17	11	1.4686	0.1504	1.4998	1.1825	1.6522	1.4998	0.1504
PTPN11_exon18	11	0.8908	0.0953	0.8644	0.7895	1.0645	0.8644	0.0953
PTPN11_exon19	11	0.9683	0.066	0.9751	0.8791	1.1032	0.9751	0.066
PTPN11_exon2	11	1.1197	0.1189	1.1013	0.9527	1.3174	1.1013	0.1189
PTPN11_exon20	11	1.1673	0.1259	1.2336	0.953	1.2871	1.2336	0.1259
PTPN11_exon3	11	0.8754	0.0842	0.8548	0.7404	1.0807	0.8548	0.0842
PTPN11_exon4	11	1.0241	0.1002	1.0404	0.8239	1.2236	1.0404	0.1002
PTPN11_exon5	11	1.1137	0.1191	1.0865	0.9418	1.302	1.0865	0.1191
PTPN11_exon6	11	0.7053	0.0473	0.7042	0.6097	0.782	0.7042	0.0473
PTPN11_exon7	11	1.1312	0.1016	1.1287	0.9515	1.2618	1.1287	0.1016
PTPN11_exon8	11	1.2011	0.1703	1.226	0.9512	1.5654	1.226	0.1703
PTPN11_exon9	11	0.6108	0.1965	0.5567	0.3793	0.9138	0.5567	0.1965
RASA2_exon1	11	0.0351	0.0242	0.0204	0.0141	0.0848	0.0204	0.0242
RASA2_exon10	11	1.0016	0.0712	0.9974	0.8631	1.1279	0.9974	0.0712
RASA2_exon11	11	1.2222	0.1243	1.1883	1.043	1.4766	1.1883	0.1243
RASA2_exon12	11	1.1258	0.0718	1.138	1.0201	1.277	1.138	0.0718
RASA2_exon13	11	1.1266	0.0933	1.1161	0.9819	1.2452	1.1161	0.0933
RASA2_exon14	11	1.1154	0.153	1.1	0.8453	1.3233	1.1	0.153
RASA2_exon15	11	1.0425	0.1182	1.0607	0.8515	1.1805	1.0607	0.1182
RASA2_exon16	11	1.1999	0.1355	1.1741	0.9915	1.4627	1.1741	0.1355
RASA2_exon17	11	1.2083	0.2397	1.3102	0.8926	1.5081	1.3102	0.2397
RASA2_exon18	11	0.8686	0.0377	0.8546	0.8228	0.9476	0.8546	0.0377
RASA2_exon19	11	1.1983	0.1059	1.211	1.0374	1.3708	1.211	0.1059
RASA2_exon2	11	1.1447	0.1027	1.1851	0.9888	1.3159	1.1851	0.1027
RASA2_exon20	11	1.3151	0.1569	1.3678	1.0912	1.5239	1.3678	0.1569
RASA2_exon21	11	1.0746	0.1624	1.1079	0.8342	1.3115	1.1079	0.1624
RASA2_exon22	11	1.0986	0.1244	1.0875	0.8233	1.339	1.0875	0.1244
RASA2_exon23	11	1.1953	0.1394	1.2167	0.9743	1.4173	1.2167	0.1394
RASA2_exon24	11	1.2316	0.0677	1.223	1.1235	1.3347	1.223	0.0677
RASA2_exon25	11	1.1292	0.1813	1.2124	0.9052	1.3743	1.2124	0.1813
RASA2_exon3	11	0.9889	0.276	1.0712	0.6035	1.3251	1.0712	0.276
RASA2_exon4	11	1.1143	0.1556	1.1049	0.7414	1.3061	1.1049	0.1556
RASA2_exon5	11	1.2015	0.2256	1.2254	0.8336	1.4876	1.2254	0.2256
RASA2_exon6	11	0.8583	0.0774	0.8683	0.6923	0.9653	0.8683	0.0774
RASA2_exon7	11	1.1169	0.1308	1.0807	0.9583	1.3054	1.0807	0.1308
RASA2_exon8	11	1.0534	0.1631	1.0373000000000001	0.7108	1.2745	1.0373000000000001	0.1631
RASA2_exon9	11	1.1906	0.1253	1.2455	0.891	1.3254	1.2455	0.1253
RB1_exon1	11	0.0786	0.0507	0.071	0.0312	0.1883	0.071	0.0507
RB1_exon10	11	1.2758	0.1912	1.3089	0.9772	1.5813	1.3089	0.1912
RB1_exon11	11	1.3149	0.1596	1.3543	1.0781	1.5065	1.3543	0.1596
RB1_exon12	11	1.094	0.1367	1.1009	0.8767	1.2937	1.1009	0.1367
RB1_exon13	11	1.2925	0.0806	1.2842	1.1814	1.4565	1.2842	0.0806
RB1_exon14	11	1.0176	0.2014	1.0618	0.7085	1.3819	1.0618	0.2014
RB1_exon15	11	0.8748	0.1621	0.9058	0.6487	1.0746	0.9058	0.1621
RB1_exon16	11	1.3723	0.1738	1.4117	1.1717	1.6786	1.4117	0.1738
RB1_exon17	11	1.2232	0.1523	1.2324	0.8915	1.4648	1.2324	0.1523
RB1_exon18	11	1.1864	0.1175	1.1775	1.0161	1.3528	1.1775	0.1175
RB1_exon19	11	1.1055	0.0542	1.1078	1.0248	1.2109	1.1078	0.0542
RB1_exon2	11	1.0969	0.1249	1.1394	0.9236	1.2932	1.1394	0.1249
RB1_exon20	11	1.2269	0.1071	1.2552	1.0621	1.3527	1.2552	0.1071
RB1_exon21	11	1.249	0.0748	1.2521	1.1332	1.3701	1.2521	0.0748
RB1_exon22	11	1.0646	0.2539	1.0752	0.7381	1.3662	1.0752	0.2539
RB1_exon23	11	1.0535	0.1503	1.097	0.6262	1.1904	1.097	0.1503
RB1_exon24	11	1.1904	0.1666	1.2881	0.9134	1.3551	1.2881	0.1666
RB1_exon25	11	1.2777	0.1151	1.302	0.9811	1.4234	1.302	0.1151
RB1_exon3	11	1.2182	0.1569	1.1742	0.9076	1.4133	1.1742	0.1569
RB1_exon4	11	1.1329	0.159	1.0257	0.9778	1.4066	1.0257	0.159
RB1_exon5	11	1.1342	0.1869	1.1935	0.8584	1.4481	1.1935	0.1869
RB1_exon6	11	1.0204	0.2404	1.1015	0.6802	1.3276	1.1015	0.2404
RB1_exon7	11	1.2962	0.192	1.3102	0.8251	1.6299	1.3102	0.192
RB1_exon8	11	1.1892	0.0915	1.1829	1.0731	1.375	1.1829	0.0915
RB1_exon9	11	1.093	0.1631	1.1725	0.8119	1.3768	1.1725	0.1631
RBX1_exon1	11	0.4533	0.1249	0.4813	0.2402	0.6377	0.4813	0.1249
RBX1_exon2	11	1.2575	0.0941	1.2601	1.1021	1.4176	1.2601	0.0941
RBX1_exon3	11	1.2687	0.1259	1.3292	1.0139	1.416	1.3292	0.1259
RBX1_exon4	11	1.1616	0.1226	1.1685	1.0196	1.4542	1.1685	0.1226
RBX1_exon5	11	0.9978	0.07	0.985	0.8949	1.0965	0.985	0.07
RBX1_exon6	11	1.3005	0.1123	1.2751	1.201	1.5891	1.2751	0.1123
RPL10_exon1	11	0.7902	0.275	0.6314	0.527	1.1871	0.6314	0.275
RPL10_exon2	11	0.6338	0.2071	0.5206	0.4548	1.015	0.5206	0.2071
RPL10_exon3	11	0.8445	0.2239	0.7084	0.6426	1.185	0.7084	0.2239
RPL10_exon4	11	0.5686	0.2112	0.488	0.3601	0.8427	0.488	0.2112
RPL10_exon5	11	0.327	0.1345	0.2767	0.1896	0.5759	0.2767	0.1345
RPL10_exon6	11	0.6235	0.2046	0.547	0.385	0.9859	0.547	0.2046
RPL10_exon7	11	1.0031	0.2937	0.8742	0.7268	1.4535	0.8742	0.2937
RPL10_exon8	11	0.5784	0.1997	0.5213	0.3628	0.9754	0.5213	0.1997
RPL10_exon9	11	0.5715	0.2162	0.5111	0.3263	1.0004	0.5111	0.2162
RPL5_exon1	11	0.6078	0.129	0.5774	0.4104	0.8066	0.5774	0.129
RPL5_exon10	11	0.8636	0.0836	0.8752	0.7446	0.9952	0.8752	0.0836
RPL5_exon11	11	1.2469	0.1321	1.2457	1.0672	1.4643	1.2457	0.1321
RPL5_exon2	11	1.2648	0.0972	1.2473	1.1111	1.3916	1.2473	0.0972
RPL5_exon3	11	1.1473	0.1225	1.1261	0.9976	1.379	1.1261	0.1225
RPL5_exon4	11	1.3316	0.2075	1.3968	1.0349	1.7245	1.3968	0.2075
RPL5_exon5	11	1.0975	0.0835	1.0771	0.9933	1.251	1.0771	0.0835
RPL5_exon6	11	0.9028	0.0942	0.9046	0.7148	1.0504	0.9046	0.0942
RPL5_exon7	11	0.7271	0.1312	0.6614	0.5645	0.9333	0.6614	0.1312
RPL5_exon8	11	1.0142	0.0882	1.0346	0.8722	1.146	1.0346	0.0882
RPL5_exon9	11	1.2739	0.0929	1.2604	1.1473	1.4959	1.2604	0.0929
SAMHD1_exon1	11	1.1657	0.0925	1.1821	0.9795	1.2897	1.1821	0.0925
SAMHD1_exon10	11	0.757	0.0894	0.754	0.5964	0.9186	0.754	0.0894
SAMHD1_exon11	11	1.3534	0.0552	1.3575	1.2525	1.4273	1.3575	0.0552
SAMHD1_exon12	11	1.3233	0.0906	1.3261	1.1213	1.4981	1.3261	0.0906
SAMHD1_exon13	11	1.2453	0.1004	1.2177	1.0926	1.425	1.2177	0.1004
SAMHD1_exon14	11	1.3744	0.1907	1.3292	1.2094	1.6953	1.3292	0.1907
SAMHD1_exon15	11	0.3488	0.113	0.3262	0.2101	0.5455	0.3262	0.113
SAMHD1_exon2	11	1.3033	0.0864	1.3212	1.1792	1.4471	1.3212	0.0864
SAMHD1_exon3	11	1.4792	0.1577	1.443	1.2299	1.7133	1.443	0.1577
SAMHD1_exon4	11	1.081	0.076	1.0884	0.9616	1.2228	1.0884	0.076
SAMHD1_exon5	11	1.2998	0.0641	1.2986	1.1897	1.3812	1.2986	0.0641
SAMHD1_exon6	11	1.1538	0.0856	1.1634	0.9893	1.2721	1.1634	0.0856
SAMHD1_exon7	11	1.3798	0.1684	1.2914	1.2607	1.8435	1.2914	0.1684
SAMHD1_exon8	11	1.1861	0.075	1.158	1.0916	1.3406	1.158	0.075
SAMHD1_exon9	11	1.2564	0.0756	1.2233	1.1752	1.3983	1.2233	0.0756
SETD2_exon1	11	1.3909	0.0819	1.3755	1.2636	1.5158	1.3755	0.0819
SETD2_exon10	11	1.0753	0.0553	1.0688	1.0088	1.1653	1.0688	0.0553
SETD2_exon11	11	1.2965	0.0558	1.2852	1.1985	1.3776	1.2852	0.0558
SETD2_exon12	11	0.9522	0.0849	0.9483	0.8625	1.1394	0.9483	0.0849
SETD2_exon13	11	0.8498	0.1342	0.8347	0.6006	1.1591	0.8347	0.1342
SETD2_exon14	11	1.245	0.128	1.2482	0.9458	1.4449	1.2482	0.128
SETD2_exon15	11	1.1795	0.0769	1.1755	1.0545	1.2974	1.1755	0.0769
SETD2_exon16	11	1.2478	0.1303	1.2451	1.0386	1.4881	1.2451	0.1303
SETD2_exon17	11	1.1237	0.118	1.0768	0.9247	1.3369	1.0768	0.118
SETD2_exon18	11	1.2985	0.0934	1.3197	1.0952	1.4444	1.3197	0.0934
SETD2_exon19	11	1.2832	0.1154	1.3208	1.0657	1.4685	1.3208	0.1154
SETD2_exon2	11	0.7384	0.0771	0.7516	0.5997	0.8766	0.7516	0.0771
SETD2_exon20	11	1.2302	0.1798	1.2511	0.9671	1.5217	1.2511	0.1798
SETD2_exon21	11	1.3884	0.0754	1.3919	1.3071	1.5559	1.3919	0.0754
SETD2_exon22	11	1.5064	0.1326	1.5175	1.2491	1.7716	1.5175	0.1326
SETD2_exon23	11	1.3732	0.1006	1.3439	1.2402	1.5812	1.3439	0.1006
SETD2_exon24	11	1.1357	0.0701	1.1381	1.0411	1.2659	1.1381	0.0701
SETD2_exon25	11	1.1822	0.2633	1.2934	0.8024	1.5412	1.2934	0.2633
SETD2_exon26	11	0.1561	0.0744	0.1164	0.0801	0.2729	0.1164	0.0744
SETD2_exon3	11	1.0592	0.1036	1.0442	0.9226	1.2407	1.0442	0.1036
SETD2_exon4	11	0.945	0.0571	0.9326	0.8725	1.0511	0.9326	0.0571
SETD2_exon5	11	1.0902	0.1178	1.0816	0.8846	1.251	1.0816	0.1178
SETD2_exon6	11	0.7407	0.1137	0.7598	0.5609	0.8926	0.7598	0.1137
SETD2_exon7	11	0.9088	0.0926	0.9101	0.8049	1.0554	0.9101	0.0926
SETD2_exon8	11	0.7838	0.1516	0.7029	0.5325	0.9913	0.7029	0.1516
SETD2_exon9	11	1.2609	0.1161	1.2549	1.0143	1.452	1.2549	0.1161
SF3B1_exon1	11	0.9994	0.0955	0.9924	0.8065	1.1174	0.9924	0.0955
SF3B1_exon10	11	1.4109	0.1149	1.4136	1.1191	1.5608	1.4136	0.1149
SF3B1_exon11	11	1.3206	0.1676	1.3696	1.024	1.5179	1.3696	0.1676
SF3B1_exon12	11	1.1805	0.1269	1.2436	0.8868	1.3018	1.2436	0.1269
SF3B1_exon13	11	1.3615	0.1417	1.4075	1.0654	1.5556	1.4075	0.1417
SF3B1_exon14	11	1.2654	0.1192	1.2695	1.0418	1.5194	1.2695	0.1192
SF3B1_exon15	11	1.2875	0.0913	1.313	1.0572	1.3965	1.313	0.0913
SF3B1_exon16	11	1.2752	0.1178	1.3186	1.0751	1.4835	1.3186	0.1178
SF3B1_exon17	11	1.1652	0.1426	1.192	0.9547	1.3905	1.192	0.1426
SF3B1_exon18	11	1.2481	0.073	1.2544	1.1564	1.3791	1.2544	0.073
SF3B1_exon19	11	0.6911	0.0738	0.6883	0.6009	0.8086	0.6883	0.0738
SF3B1_exon2	11	0.6323	0.0598	0.6546	0.5296	0.7292	0.6546	0.0598
SF3B1_exon20	11	0.9478	0.0673	0.9623	0.8404	1.0539	0.9623	0.0673
SF3B1_exon21	11	0.8135	0.0661	0.7983	0.7368	0.9476	0.7983	0.0661
SF3B1_exon22	11	1.1557	0.0688	1.1681	1.0284	1.2603	1.1681	0.0688
SF3B1_exon23	11	1.0039	0.066	1.0244	0.9133	1.109	1.0244	0.066
SF3B1_exon24	11	1.0489	0.0921	1.0547	0.8584	1.1769	1.0547	0.0921
SF3B1_exon25	11	1.246	0.0871	1.2803	1.0097	1.3242	1.2803	0.0871
SF3B1_exon26	11	1.0868	0.0767	1.0715	0.9875	1.2264	1.0715	0.0767
SF3B1_exon27	11	1.1607	0.1842	1.0993	0.9258	1.5775	1.0993	0.1842
SF3B1_exon3	11	1.2538	0.0901	1.2699	1.0548	1.4132	1.2699	0.0901
SF3B1_exon4	11	1.4055	0.1164	1.3907	1.2072	1.6124	1.3907	0.1164
SF3B1_exon5	11	1.3687	0.0681	1.3598	1.2582	1.4948	1.3598	0.0681
SF3B1_exon6	11	1.0254	0.0859	1.0738	0.8909	1.1083	1.0738	0.0859
SF3B1_exon7	11	1.0612	0.0927	1.059	0.8943	1.2345	1.059	0.0927
SF3B1_exon8	11	1.131	0.0784	1.1188	1.0093	1.3262	1.1188	0.0784
SF3B1_exon9	11	1.317	0.1261	1.3135	1.0757	1.5029	1.3135	0.1261
SGPP1_exon1	11	1.1457	0.0951	1.1534	0.9236	1.2621	1.1534	0.0951
SGPP1_exon2	11	1.0223	0.0915	0.9996	0.9148	1.2113	0.9996	0.0915
SGPP1_exon3	11	0.5903	0.1547	0.5439	0.3729	0.8057	0.5439	0.1547
SGPP1_exon4	11	0.1708	0.0896	0.1496	0.0755	0.3246	0.1496	0.0896
SNX7_exon1	11	0.0496	0.0267	0.0397	0.0225	0.1009	0.0397	0.0267
SNX7_exon10	11	1.4138	0.1479	1.4418	1.1979	1.6039	1.4418	0.1479
SNX7_exon11	11	1.1958	0.1205	1.2322	0.9234	1.3107	1.2322	0.1205
SNX7_exon2	11	0.2134	0.1004	0.1969	0.1083	0.3599	0.1969	0.1004
SNX7_exon3	11	1.0651	0.0733	1.0843	0.951	1.193	1.0843	0.0733
SNX7_exon4	11	1.264	0.2244	1.238	1.0031	1.5931	1.238	0.2244
SNX7_exon5	11	1.1442	0.1165	1.1733	0.8817	1.3016	1.1733	0.1165
SNX7_exon6	11	1.2246	0.196	1.2348	0.8844	1.5095	1.2348	0.196
SNX7_exon7	11	0.9852	0.0961	0.9924	0.8016	1.118	0.9924	0.0961
SNX7_exon8	11	1.1038	0.1226	1.1417	0.7725	1.2277	1.1417	0.1226
SNX7_exon9	11	1.211	0.1727	1.1958	0.9404	1.457	1.1958	0.1727
SP140_exon1	11	0.8487	0.045	0.8551	0.7928	0.9364	0.8551	0.045
SP140_exon10	11	0.7894	0.1115	0.7762	0.6397	0.9969	0.7762	0.1115
SP140_exon11	11	1.2112	0.1516	1.3054	1.0023	1.372	1.3054	0.1516
SP140_exon12	11	1.083	0.0721	1.0765	0.9958	1.1952	1.0765	0.0721
SP140_exon13	11	1.3196	0.0653	1.3228	1.1857	1.45	1.3228	0.0653
SP140_exon14	11	1.0461	0.063	1.0381	0.9207	1.1429	1.0381	0.063
SP140_exon15	11	1.3205	0.1047	1.3062	1.171	1.4559	1.3062	0.1047
SP140_exon16	11	0.6997	0.1111	0.693	0.5396	0.8537	0.693	0.1111
SP140_exon17	11	1.0691	0.1714	1.0829	0.7968	1.276	1.0829	0.1714
SP140_exon18	11	0.9996	0.096	1.0175	0.8045	1.1768	1.0175	0.096
SP140_exon19	11	1.1046	0.0816	1.0727	1.0097	1.2121	1.0727	0.0816
SP140_exon2	11	0.6526	0.0778	0.629	0.5426	0.8282	0.629	0.0778
SP140_exon20	11	1.2066	0.1958	1.1103	0.9614	1.5327	1.1103	0.1958
SP140_exon21	11	1.1374	0.0896	1.1204	0.9731	1.3082	1.1204	0.0896
SP140_exon22	11	0.8072	0.1109	0.8278	0.6214	0.9465	0.8278	0.1109
SP140_exon23	11	1.1497	0.1281	1.1943	0.9392	1.3368	1.1943	0.1281
SP140_exon24	11	1.3287	0.1437	1.348	1.1311	1.5532	1.348	0.1437
SP140_exon25	11	0.943	0.1199	0.9177	0.7768	1.1398	0.9177	0.1199
SP140_exon26	11	0.0846	0.0411	0.089	0.0337	0.1437	0.089	0.0411
SP140_exon27	11	0.8332	0.1412	0.828	0.6516	1.0556	0.828	0.1412
SP140_exon28	11	0.4405	0.1194	0.408	0.2301	0.6229	0.408	0.1194
SP140_exon29	11	1.134	0.1016	1.1492	0.982	1.3047	1.1492	0.1016
SP140_exon3	11	0.9084	0.0742	0.9237	0.7629	1.0636	0.9237	0.0742
SP140_exon30	11	1.0038	0.0835	0.9815	0.8821	1.1547	0.9815	0.0835
SP140_exon4	11	1.0664	0.0941	1.0686	0.8551	1.1953	1.0686	0.0941
SP140_exon5	11	0.6919	0.0821	0.6513	0.6318	0.8823	0.6513	0.0821
SP140_exon6	11	1.3217	0.099	1.3174	1.1443	1.5351	1.3174	0.099
SP140_exon7	11	0.9144	0.07	0.9374	0.7983	1.0179	0.9374	0.07
SP140_exon8	11	1.1754	0.0419	1.1619	1.1192	1.2392	1.1619	0.0419
SP140_exon9	11	1.0551	0.0763	1.0497	0.8999	1.1667	1.0497	0.0763
STAT3_exon1	11	0.8474	0.1273	0.8146	0.6703	1.0712	0.8146	0.1273
STAT3_exon10	11	1.2935	0.1954	1.3419	0.9412	1.5995	1.3419	0.1954
STAT3_exon11	11	1.212	0.0984	1.1832	1.0806	1.394	1.1832	0.0984
STAT3_exon12	11	1.0876	0.0836	1.0833	0.9495	1.2398	1.0833	0.0836
STAT3_exon13	11	0.8946	0.1156	0.8964	0.6889	1.0755	0.8964	0.1156
STAT3_exon14	11	1.0762	0.0991	1.0705	0.8854	1.2389	1.0705	0.0991
STAT3_exon15	11	1.0039	0.1927	0.9265	0.8084	1.3813	0.9265	0.1927
STAT3_exon16	11	0.8387	0.0955	0.8278	0.6872	0.9659	0.8278	0.0955
STAT3_exon17	11	1.084	0.0785	1.0862	0.9469	1.1835	1.0862	0.0785
STAT3_exon18	11	0.9684	0.0877	0.9738	0.831	1.1165	0.9738	0.0877
STAT3_exon19	11	1.3396	0.104	1.3191	1.1506	1.5423	1.3191	0.104
STAT3_exon2	11	1.2499	0.065	1.2211	1.1703	1.359	1.2211	0.065
STAT3_exon3	11	0.996	0.0976	0.9834	0.8279	1.1821	0.9834	0.0976
STAT3_exon4	11	1.1127	0.0526	1.1168	1.0271	1.1913	1.1168	0.0526
STAT3_exon5	11	1.1938	0.139	1.2201	0.9504	1.3921	1.2201	0.139
STAT3_exon6	11	1.4894	0.1282	1.4609	1.2731	1.7553	1.4609	0.1282
STAT3_exon7	11	1.0866	0.0934	1.1091	0.9598	1.225	1.1091	0.0934
STAT3_exon8	11	1.2926	0.1355	1.2442	1.197	1.5929	1.2442	0.1355
STAT3_exon9	11	0.8236	0.0819	0.8353	0.6772	0.9616	0.8353	0.0819
TGDS_exon1	11	1.065	0.0628	1.1002	0.9323	1.1174	1.1002	0.0628
TGDS_exon10	11	1.2092	0.0537	1.2254	1.1254	1.294	1.2254	0.0537
TGDS_exon11	11	1.2594	0.1288	1.2321	1.0476	1.4286	1.2321	0.1288
TGDS_exon12	11	1.1264	0.169	1.1357	0.8716	1.3404	1.1357	0.169
TGDS_exon13	11	0.3973	0.0995	0.3742	0.1914	0.5257	0.3742	0.0995
TGDS_exon2	11	1.1144	0.1458	1.1104	0.9096	1.3447	1.1104	0.1458
TGDS_exon3	11	1.2646	0.1228	1.2921	1.0954	1.4045	1.2921	0.1228
TGDS_exon4	11	1.2814	0.1321	1.2819	1.0552	1.476	1.2819	0.1321
TGDS_exon5	11	1.0212	0.1475	1.0283	0.8185	1.2525	1.0283	0.1475
TGDS_exon6	11	1.2787	0.1524	1.3123	1.0673	1.5218	1.3123	0.1524
TGDS_exon7	11	1.1575	0.126	1.1866	1.0011	1.3163	1.1866	0.126
TGDS_exon8	11	1.1824	0.2059	1.2114	0.9349	1.428	1.2114	0.2059
TGDS_exon9	11	1.2987	0.1058	1.3145	1.0582	1.4673	1.3145	0.1058
TNFRSF17_exon1	11	1.329	0.1011	1.3079	1.1761	1.555	1.3079	0.1011
TNFRSF17_exon2	11	1.1558	0.1475	1.1155	0.975	1.3997	1.1155	0.1475
TNFRSF17_exon3	11	0.5283	0.1368	0.4857	0.299	0.7591	0.4857	0.1368
TNFRSF17_exon4	11	0.9138	0.0971	0.9281	0.7789	1.1167	0.9281	0.0971
TNFSF12_exon1	11	0.0823	0.0516	0.0575	0.0251	0.1559	0.0575	0.0516
TNFSF12_exon2	11	0.1527	0.0817	0.1168	0.0503	0.2842	0.1168	0.0817
TNFSF12_exon3	11	0.2009	0.1187	0.1615	0.0784	0.3803	0.1615	0.1187
TNFSF12_exon4	11	0.7207	0.0796	0.7212	0.6221	0.8556	0.7212	0.0796
TNFSF12_exon5	11	0.6674	0.1479	0.6524	0.4289	0.8771	0.6524	0.1479
TNFSF12_exon6	11	1.0771	0.1126	1.0442	0.9392	1.2585	1.0442	0.1126
TNFSF12_exon7	11	0.4678	0.1218	0.4297	0.3183	0.6513	0.4297	0.1218
TNFSF12_exon8	11	0.3381	0.0952	0.3199	0.201	0.4767	0.3199	0.0952
TNFSF12_exon9	11	0.44	0.1193	0.3817	0.2769	0.6267	0.3817	0.1193
TP53_exon1	11	0.4294	0.1586	0.3458	0.2821	0.6606	0.3458	0.1586
TP53_exon10	11	0.9238	0.1138	0.8916	0.7821	1.1242	0.8916	0.1138
TP53_exon11	11	0.5258	0.1525	0.4888	0.3198	0.7582	0.4888	0.1525
TP53_exon12	11	0.6314	0.1582	0.6239	0.3303	0.8153	0.6239	0.1582
TP53_exon13	11	0.8448	0.1062	0.8471	0.7283	1.0339	0.8471	0.1062
TP53_exon2	11	0.7662	0.0803	0.7728	0.6134	0.8812	0.7728	0.0803
TP53_exon3	11	0.2102	0.0584	0.2049	0.1209	0.2878	0.2049	0.0584
TP53_exon4	11	0.6959	0.1118	0.6891	0.5337	0.8874	0.6891	0.1118
TP53_exon5	11	0.5739	0.0841	0.5557	0.4291	0.7019	0.5557	0.0841
TP53_exon6	11	1.2331	0.1331	1.2391	1.0065	1.4349	1.2391	0.1331
TP53_exon7	11	1.0253	0.1065	1.0075	0.8834	1.1872	1.0075	0.1065
TP53_exon8	11	0.896	0.1315	0.8666	0.6931	1.0893	0.8666	0.1315
TP53_exon9	11	1.096	0.1318	1.095	0.847	1.3549	1.095	0.1318
TRAF2_exon1	11	0.5731	0.1702	0.5159	0.354	0.789	0.5159	0.1702
TRAF2_exon10	11	0.8758	0.1494	0.8638	0.6793	1.0947	0.8638	0.1494
TRAF2_exon2	11	0.8814	0.1364	0.86240000000000006	0.6953	1.1096	0.86240000000000006	0.1364
TRAF2_exon3	11	0.8922	0.1268	0.9191	0.689	1.0885	0.9191	0.1268
TRAF2_exon4	11	0.579	0.1525	0.487	0.4029	0.833	0.487	0.1525
TRAF2_exon5	11	0.5416	0.1698	0.4962	0.3266	0.7982	0.4962	0.1698
TRAF2_exon6	11	1.1648	0.1538	1.1361	0.8976	1.4498	1.1361	0.1538
TRAF2_exon7	11	0.6106	0.1554	0.5762	0.4119	0.8356	0.5762	0.1554
TRAF2_exon8	11	0.6439	0.1698	0.5962	0.4383	0.8714	0.5962	0.1698
TRAF2_exon9	11	0.6553	0.1172	0.6166	0.5209	0.8267	0.6166	0.1172
TRAF3_exon1	11	1.1315	0.1035	1.1205	0.9632	1.3874	1.1205	0.1035
TRAF3_exon10	11	0.9961	0.1079	0.9941	0.8515	1.1952	0.9941	0.1079
TRAF3_exon11	11	0.4054	0.0878	0.3916	0.276	0.5343	0.3916	0.0878
TRAF3_exon12	11	0.9452	0.112	0.9487	0.8128	1.1114	0.9487	0.112
TRAF3_exon2	11	1.345	0.1387	1.2977	1.1367	1.6213	1.2977	0.1387
TRAF3_exon3	11	1.0943	0.1042	1.0756	0.9439	1.3156	1.0756	0.1042
TRAF3_exon4	11	1.1408	0.0837	1.141	0.9917	1.2808	1.141	0.0837
TRAF3_exon5	11	0.8273	0.111	0.8189	0.6595	0.9916	0.8189	0.111
TRAF3_exon6	11	1.0757	0.1028	1.023	0.9777	1.2402	1.023	0.1028
TRAF3_exon7	11	0.8275	0.1102	0.8458	0.6543	1.0384	0.8458	0.1102
TRAF3_exon8	11	1.4572	0.1202	1.4648	1.214	1.7266	1.4648	0.1202
TRAF3_exon9	11	1.252	0.1599	1.2418	1.0519	1.5778	1.2418	0.1599
XBP1_exon1	11	1.0967	0.1246	1.118	0.8853	1.2807	1.118	0.1246
XBP1_exon2	11	1.0974	0.0805	1.0745	0.983	1.2247	1.0745	0.0805
XBP1_exon3	11	1.1119	0.075	1.1338	0.9818	1.2152	1.1338	0.075
XBP1_exon4	11	0.9364	0.0772	0.9557	0.8193	1.067	0.9557	0.0772
XBP1_exon5	11	1.2038	0.209	1.2597	0.9203	1.5468	1.2597	0.209
XBP1_exon6	11	0.9109	0.0855	0.9228	0.7837	1.0728	0.9228	0.0855
XBP1_exon7	11	0.9735	0.1055	0.9664	0.8397	1.1854	0.9664	0.1055
XBP1_exon8	11	0.2285	0.0834	0.223	0.125	0.4011	0.223	0.0834
XPO1_exon1	11	1.1982	0.1102	1.208	1.0082	1.3446	1.208	0.1102
XPO1_exon10	11	1.4218	0.1402	1.4112	1.1537	1.7152	1.4112	0.1402
XPO1_exon11	11	1.4494	0.1214	1.4946	1.1824	1.5789	1.4946	0.1214
XPO1_exon12	11	1.4741	0.1524	1.4884	1.2327	1.7473	1.4884	0.1524
XPO1_exon13	11	1.1298	0.0363	1.1381	1.0578	1.1755	1.1381	0.0363
XPO1_exon14	11	1.2848	0.1424	1.3224	1.1088	1.5691	1.3224	0.1424
XPO1_exon15	11	1.1362	0.1013	1.1322	0.9594	1.3084	1.1322	0.1013
XPO1_exon16	11	1.3256	0.1484	1.293	1.1616	1.6395	1.293	0.1484
XPO1_exon17	11	1.045	0.1501	1.0359	0.8394	1.265	1.0359	0.1501
XPO1_exon18	11	1.4002	0.1275	1.416	1.2018	1.5952	1.416	0.1275
XPO1_exon19	11	1.2849	0.1922	1.2328	0.9773	1.5398	1.2328	0.1922
XPO1_exon2	11	1.3427	0.1196	1.3567	1.1773	1.5883	1.3567	0.1196
XPO1_exon20	11	1.25	0.1718	1.2994	1.0028	1.6135	1.2994	0.1718
XPO1_exon21	11	1.0667	0.0796	1.0719	0.9305	1.2309	1.0719	0.0796
XPO1_exon3	11	1.076	0.068	1.0853	0.9733	1.1761	1.0853	0.068
XPO1_exon4	11	0.8782	0.051	0.8851	0.7712	0.9732	0.8851	0.051
XPO1_exon5	11	1.2551	0.1062	1.2388	1.1483	1.5115	1.2388	0.1062
XPO1_exon6	11	1.0277	0.0728	1.0246	0.9047	1.1217	1.0246	0.0728
XPO1_exon7	11	1.3622	0.0782	1.3904	1.2537	1.4658	1.3904	0.0782
XPO1_exon8	11	1.2391	0.1021	1.2149	1.1378	1.457	1.2149	0.1021
XPO1_exon9	11	1.2696	0.1245	1.2674	1.1309	1.5453	1.2674	0.1245
